1.045004358464999829e-05 -9.284387841550999498e-01 1.403117757324262271e+01
1.070111074401192192e-05 -9.284387843770596227e-01 1.436828314078615243e+01
1.095820990869513401e-05 -9.284387845990192956e-01 1.471348782638846053e+01
1.122148600043402909e-05 -9.284387848209789684e-01 1.506698621512799185e+01
1.149108742277517097e-05 -9.284387850429386413e-01 1.542897756708032730e+01
1.176716614472937899e-05 -9.284387852648983142e-01 1.579966592963701721e+01
1.204987778643359460e-05 -9.284387854868578760e-01 1.617926025252304001e+01
1.233938170687105342e-05 -9.284387857088175489e-01 1.656797450557780138e+01
1.263584109369861085e-05 -9.284387859307772217e-01 1.696602779936552707e+01
1.293942305523258554e-05 -9.284387861527368946e-01 1.737364450868372145e+01
1.325029871464434580e-05 -9.284387864138208268e-01 1.779105439857140425e+01
1.356864330641899688e-05 -9.284387867655929938e-01 1.821849275409353908e+01
1.389463627513175714e-05 -9.284387871173650497e-01 1.865620051488409459e+01
1.422846137659726483e-05 -9.284387874691371056e-01 1.910442440818039245e+01
1.457030678144901555e-05 -9.284387878209091616e-01 1.956341708895625686e+01
1.492036518120764348e-05 -9.284387881726813285e-01 2.003343728233890886e+01
1.527883389689710305e-05 -9.284387885244533845e-01 2.051474992944690356e+01
1.564591499027085059e-05 -9.284387888762254404e-01 2.100762633673250690e+01
1.602181537770998285e-05 -9.284387892279976073e-01 2.151234432891166648e+01
1.640674694685784259e-05 -9.284387895797696633e-01 2.202918840556820612e+01
1.680092667605707492e-05 -9.284387900555709505e-01 2.255844989964208835e+01
1.720457675665597403e-05 -9.284387906131045254e-01 2.310042714592728785e+01
1.761792471825325142e-05 -9.284387911706381002e-01 2.365542564752021448e+01
1.804120355695223776e-05 -9.284387917281716751e-01 2.422375824613331474e+01
1.847465186669590957e-05 -9.284387922857051390e-01 2.480574529964645691e+01
1.891851397375784205e-05 -9.284387928432387138e-01 2.540171486268662804e+01
1.937304007446403022e-05 -9.284387934007722887e-01 2.601200287154572877e+01
1.983848637622347822e-05 -9.284387939583058635e-01 2.663695333354115036e+01
2.031511524194753025e-05 -9.284387945158394384e-01 2.727691852092609537e+01
2.080319533793855026e-05 -9.284387950733730133e-01 2.793225916945850429e+01
2.130300178533169812e-05 -9.284387959257462963e-01 2.860334467608288378e+01
2.181481631517553224e-05 -9.284387968093678056e-01 2.929055332324229255e+01
2.233892742723814773e-05 -9.284387976929893149e-01 2.999427247747983571e+01
2.287563055262867279e-05 -9.284387985766108242e-01 3.071489881139998701e+01
2.342522822032626361e-05 -9.284387994602323335e-01 3.145283852785112089e+01
2.398803022770938182e-05 -9.284388003438539538e-01 3.220850758889354637e+01
2.456435381518278684e-05 -9.284388012274754631e-01 3.298233195026954689e+01
2.515452384499958441e-05 -9.284388021110969724e-01 3.377474780150606648e+01
2.575887298437949725e-05 -9.284388029947184817e-01 3.458620181178587671e+01
2.637774189302715007e-05 -9.284388039845806739e-01 3.541715137920138545e+01
2.701147941515507568e-05 -9.284388053850288758e-01 3.626806488604253076e+01
2.766044277612015719e-05 -9.284388067854770776e-01 3.713942198498314440e+01
2.832499778378485731e-05 -9.284388081859252795e-01 3.803171384281592537e+01
2.900551903471574090e-05 -9.284388095863735924e-01 3.894544342684378790e+01
2.970239012533599856e-05 -9.284388109868217942e-01 3.988112578839239575e+01
3.041600386815161624e-05 -9.284388123872699961e-01 4.083928835313503214e+01
3.114676251317155081e-05 -9.284388137877181979e-01 4.182047121839130455e+01
3.189507797464858046e-05 -9.284388151881665108e-01 4.282522745756995874e+01
3.266137206326706139e-05 -9.284388165886147126e-01 4.385412343192518847e+01
3.344607672390910458e-05 -9.284388184043178560e-01 4.490773909728864055e+01
3.424963427913386445e-05 -9.284388206238834984e-01 4.598666835546506348e+01
3.507249767850550195e-05 -9.284388228434491408e-01 4.709151938943215754e+01
3.591513075391242844e-05 -9.284388250630147832e-01 4.822291498187481551e+01
3.677800848101998301e-05 -9.284388272825804256e-01 4.938149287812077404e+01
3.766161724700463153e-05 -9.284388295021461790e-01 5.056790614562478225e+01
3.856645512472131317e-05 -9.284388317217118214e-01 5.178282354209029137e+01
3.949303215345702380e-05 -9.284388339412774638e-01 5.302692989243472965e+01
4.044187062642973603e-05 -9.284388361608431062e-01 5.430092647481151857e+01
4.141350538519521181e-05 -9.284388383804088596e-01 5.560553141590716564e+01
4.240848412112647228e-05 -9.284388416494149254e-01 5.694148005563269521e+01
4.342736768413632103e-05 -9.284388451672388465e-01 5.830952547028564226e+01
4.447073039881805983e-05 -9.284388486850627675e-01 5.971043880924840863e+01
4.553916038818016647e-05 -9.284388522028867996e-01 6.114500973961583696e+01
4.663325990516035361e-05 -9.284388557207107207e-01 6.261404690060049205e+01
4.775364567210335680e-05 -9.284388592385347527e-01 6.411837835934635166e+01
4.890094922839491803e-05 -9.284388627563586738e-01 6.565885207769342458e+01
5.007581728644866601e-05 -9.284388662741827059e-01 6.723633639015777419e+01
5.127891209624486479e-05 -9.284388697920067379e-01 6.885172049339425371e+01
5.251091181862738134e-05 -9.284388735368147572e-01 7.050591493677565325e+01
5.377251090757020354e-05 -9.284388791231001914e-01 7.219985207865802579e+01
5.506442050162717767e-05 -9.284388847093855146e-01 7.393448684205536381e+01
5.638736882478644752e-05 -9.284388902956709488e-01 7.571079700610440000e+01
5.774210159695675600e-05 -9.284388958819564941e-01 7.752978384153762192e+01
5.912938245431416552e-05 -9.284389014682419283e-01 7.939247267507822414e+01
6.054999337974951773e-05 -9.284389070545274736e-01 8.129991346739747371e+01
6.200473514365647805e-05 -9.284389126408131299e-01 8.325318140495643604e+01
6.349442775530960640e-05 -9.284389182270986751e-01 8.525337750606637144e+01
6.501991092508820362e-05 -9.284389238133843314e-01 8.730162924151218817e+01
6.658204453780417029e-05 -9.284389307380699341e-01 8.939909108963290407e+01
6.818170913740167593e-05 -9.284389395798012812e-01 9.154694530660945873e+01
6.981980642330324661e-05 -9.284389484215326283e-01 9.374640270747920567e+01
7.149725975867962343e-05 -9.284389572632641974e-01 9.599870308243239947e+01
7.321501469093089521e-05 -9.284389661049957665e-01 9.830511600818745421e+01
7.497403948467397101e-05 -9.284389749467274466e-01 1.006669415636270628e+02
7.677532566753311153e-05 -9.284389837884591268e-01 1.030855110626254856e+02
7.861988858904552554e-05 -9.284389926301910290e-01 1.055621878044846511e+02
8.050876799299352287e-05 -9.284390014719229312e-01 1.080983678423983321e+02
8.244302860348704778e-05 -9.284390103136549444e-01 1.106954807703786656e+02
8.442376072512884665e-05 -9.284390228339277629e-01 1.133549902486522996e+02
8.645208085759639391e-05 -9.284390368383989012e-01 1.160783955408260937e+02
8.852913232499187127e-05 -9.284390508428702615e-01 1.188672318860939754e+02
9.065608592031106170e-05 -9.284390648473418439e-01 1.217230712953210485e+02
9.283414056539561260e-05 -9.284390788518135373e-01 1.246475235476493708e+02
9.506452398674283995e-05 -9.284390928562855638e-01 1.276422370978986152e+02
9.734849340755043006e-05 -9.284391068607578124e-01 1.307089000057672195e+02
9.968733625638772039e-05 -9.284391208652301719e-01 1.338492408873558475e+02
1.020823708928951615e-04 -9.284391348697028645e-01 1.370650298895555466e+02
1.045349473509166118e-04 -9.284391489880786663e-01 1.403580796771097710e+02
1.070464480994871132e-04 -9.284391711822379545e-01 1.437302457067984278e+02
1.096182888221038809e-04 -9.284391933763977978e-01 1.471834295429289341e+02
1.122519192147185089e-04 -9.284392155705581962e-01 1.507195776747610978e+02
1.149488238029023300e-04 -9.284392377647191497e-01 1.543406833568356262e+02
1.177105227786447378e-04 -9.284392599588806583e-01 1.580487877325312240e+02
1.205385728572541632e-04 -9.284392821530426110e-01 1.618459809846132487e+02
1.234345681548494589e-04 -9.284393043472051188e-01 1.657344035134303226e+02
1.264001410869305053e-04 -9.284393265413681817e-01 1.697162471434119198e+02
1.294369632885390491e-04 -9.284393487355316887e-01 1.737937563585554130e+02
1.325467465565269265e-04 -9.284393750230320874e-01 1.779692290787035631e+02
1.357312438144613693e-04 -9.284394101995961934e-01 1.822450183111127728e+02
1.389922501007139833e-04 -9.284394453761616317e-01 1.866235352659184628e+02
1.423316035802888477e-04 -9.284394805527284023e-01 1.911072480219659440e+02
1.457511865809590511e-04 -9.284395157292965051e-01 1.956986839547828083e+02
1.492529266542983520e-04 -9.284395509058659401e-01 2.004004311612079618e+02
1.528387976622044386e-04 -9.284395860824365965e-01 2.052151399182502018e+02
1.565108208895244640e-04 -9.284396212590086961e-01 2.101455241769901647e+02
1.602710661834155976e-04 -9.284396564355821280e-01 2.151943630923826447e+02
1.641216531200753931e-04 -9.284396916121568921e-01 2.203645025898045162e+02
1.680647521995057487e-04 -9.284397394789936087e-01 2.256588550477589763e+02
1.721025860689814717e-04 -9.284397952336042037e-01 2.310804053897214487e+02
1.762374307759118628e-04 -9.284398509882181294e-01 2.366322107934859673e+02
1.804716170508042247e-04 -9.284399067428354968e-01 2.423174006925270589e+02
1.848075316210514283e-04 -9.284399624974560838e-01 2.481391797062955789e+02
1.892476185562812002e-04 -9.284400182520801126e-01 2.541008294465912627e+02
1.937943806460326059e-04 -9.284400740067074720e-01 2.602057103673401457e+02
1.984503808105270726e-04 -9.284401297613381621e-01 2.664572636588077899e+02
2.032182435453368837e-04 -9.284401855159721828e-01 2.728590131873249902e+02
2.081006564007621576e-04 -9.284402412706096452e-01 2.794145674816167002e+02
2.131003714967488120e-04 -9.284403269629689648e-01 2.861276160179695580e+02
2.182202070742050675e-04 -9.284404153266511139e-01 2.930019477482641719e+02
2.234630490835887813e-04 -9.284405036903418118e-01 3.000414380794509270e+02
2.288318528116597560e-04 -9.284405920540407253e-01 3.072500550137330038e+02
2.343296445473172377e-04 -9.284406804177481876e-01 3.146318618861703840e+02
2.399595232874602766e-04 -9.284407687814639765e-01 3.221910196550944647e+02
2.457246624838287075e-04 -9.284408571451882031e-01 3.299317892475402800e+02
2.516283118318186104e-04 -9.284409455089208674e-01 3.378585339610421556e+02
2.576737991022690403e-04 -9.284410338726619694e-01 3.459757219231204317e+02
2.638645320172617811e-04 -9.284411335799033216e-01 3.542879259129896354e+02
2.702040001709880238e-04 -9.284412736291957069e-01 3.627998240800787926e+02
2.766957769967622657e-04 -9.284414136785091864e-01 3.715162237418778659e+02
2.833435217812969626e-04 -9.284415537278437602e-01 3.804420381222665242e+02
2.901509817273716834e-04 -9.284416937771995393e-01 3.895822984871427934e+02
2.971219940660541525e-04 -9.284418338265764126e-01 3.989421569804219416e+02
3.042604882196759948e-04 -9.284419738759743801e-01 4.085268895281809023e+02
3.115704880167675678e-04 -9.284421139253934419e-01 4.183418988125660576e+02
3.190561139602117262e-04 -9.284422539748337089e-01 4.283927173171560980e+02
3.267215855498913210e-04 -9.284423940242950701e-01 4.386850104454908887e+02
3.345712236611361398e-04 -9.284425767361148552e-01 4.492245668516643491e+02
3.426094529803163009e-04 -9.284427986927983323e-01 4.600173275642589488e+02
3.508408044989520433e-04 -9.284430206495348781e-01 4.710693877283864595e+02
3.592699180677404332e-04 -9.284432426063243815e-01 4.823869770944629067e+02
3.679015450119528454e-04 -9.284434645631670646e-01 4.939764750846106836e+02
3.767405508096607685e-04 -9.284436865200627054e-01 5.058444143885619724e+02
3.857919178343080339e-04 -9.284439084770115258e-01 5.179974846459617766e+02
3.950607481631814477e-04 -9.284441304340133039e-01 5.304425362171418783e+02
4.045522664533467714e-04 -9.284443523910681506e-01 5.431865840444811511e+02
4.142718228866869236e-04 -9.284445743481760660e-01 5.562368116065448476e+02
4.242248961856950537e-04 -9.284449030475470099e-01 5.696005341614192048e+02
4.344170967017200752e-04 -9.284452548215874623e-01 5.832853143168332508e+02
4.448541695774125572e-04 -9.284456065957611415e-01 5.972988743744244857e+02
4.555419979851501482e-04 -9.284459583700680474e-01 6.116491133448364508e+02
4.664866064432609573e-04 -9.284463101445082911e-01 6.263441200142038952e+02
4.776941642119322709e-04 -9.284466619190817616e-01 6.413921775035629480e+02
4.891709887706961052e-04 -9.284470136937885698e-01 6.568017679377798004e+02
5.009235493794694490e-04 -9.284473654686286048e-01 6.725815772266669228e+02
5.129584707251504724e-04 -9.284477172436019776e-01 6.887404999609638026e+02
5.252825366558207644e-04 -9.284480944586388507e-01 7.052876323844349145e+02
5.379026940046687704e-04 -9.284486519858031750e-01 7.222322256761892731e+02
5.508260565057844548e-04 -9.284492095133022316e-01 7.395839142134016129e+02
5.640599088040253086e-04 -9.284497670411361314e-01 7.573524784927749351e+02
5.776117105612350779e-04 -9.284503245693047635e-01 7.755479339882539307e+02
5.914891006611017969e-04 -9.284508820978082388e-01 7.941805367963644358e+02
6.056999015150481757e-04 -9.284514396266464464e-01 8.132607894171936778e+02
6.202521234715731996e-04 -9.284519971558194973e-01 8.327994466742582063e+02
6.351539693315233145e-04 -9.284525546853273914e-01 8.528075217765905336e+02
6.504138389718523532e-04 -9.284531122151700178e-01 8.732962925264747582e+02
6.660403340804680553e-04 -9.284538083446062240e-01 8.942772244915048532e+02
6.820422630048302622e-04 -9.284546919648475338e-01 9.157621078398786949e+02
6.984286457170452243e-04 -9.284555755859299486e-01 9.377631624602602187e+02
7.152087188982482772e-04 -9.284564592078531353e-01 9.602927892941739856e+02
7.323919411451320846e-04 -9.284573428306174270e-01 9.833636872140001515e+02
7.499879983015808604e-04 -9.284582264542226016e-01 1.006988860180731876e+03
7.680068089183815028e-04 -9.284591100786687701e-01 1.031181624573671570e+03
7.864585298441188537e-04 -9.284599937039558215e-01 1.055955616696247944e+03
8.053535619503929830e-04 -9.284608773300838669e-01 1.081324800462142548e+03
8.247025559945812866e-04 -9.284617609570529062e-01 1.107303475266080113e+03
8.445164186234626258e-04 -9.284630200131867017e-01 1.133905998337815845e+03
8.648063185210827465e-04 -9.284644204590147831e-01 1.161147526202417112e+03
8.855836927043123216e-04 -9.284658209069552859e-01 1.189043518230258314e+03
9.068602529696800354e-04 -9.284672213570079879e-01 1.217609697597484455e+03
9.286479924950714806e-04 -9.284686218091731114e-01 1.246862165221725036e+03
9.509591926000517115e-04 -9.284700222634506561e-01 1.276817408837150651e+03
9.738064296686050779e-04 -9.284714227198406222e-01 1.307492312287552068e+03
9.972025822381899371e-04 -9.284728231783428987e-01 1.338904165042669320e+03
1.021160838259119576e-03 -9.284742236389574854e-01 1.371070671943156640e+03
1.045694702528352340e-03 -9.284756468853248013e-01 1.404009941709818349e+03
1.070818004301874035e-03 -9.284778664298074524e-01 1.437739792136202368e+03
1.096544905089981339e-03 -9.284800859795959704e-01 1.472279966461289405e+03
1.122889906639843458e-03 -9.284823055346903553e-01 1.507649931857702995e+03
1.149867859109856552e-03 -9.284845250950906070e-01 1.543869623176253754e+03
1.177493969440378176e-03 -9.284867446607968366e-01 1.580959454181405818e+03
1.205783809925584701e-03 -9.284889642318090441e-01 1.618940329056674727e+03
1.234753326991264470e-03 -9.284911838081271185e-01 1.657833654186422109e+03
1.264418850183508239e-03 -9.284934033897511707e-01 1.697661350220706026e+03
1.294797101373346658e-03 -9.284956229766810898e-01 1.738445864429957965e+03
1.325905204182542887e-03 -9.284982699191082212e-01 1.780209672717058538e+03
1.357760693635838827e-03 -9.285017876419284777e-01 1.822975734480298797e+03
1.390381526045109378e-03 -9.285053053780760735e-01 1.866769167382326941e+03
1.423786089130972153e-03 -9.285088231275511195e-01 1.911614652008942585e+03
1.457993212387590030e-03 -9.285123408903533937e-01 1.957537461848840849e+03
1.493022177696482411e-03 -9.285158586664832292e-01 2.004563477536931941e+03
1.528892730195348425e-03 -9.285193764559405150e-01 2.052719201439857443e+03
1.565625089408002879e-03 -9.285228942587253620e-01 2.102031772591874869e+03
1.603239960641729585e-03 -9.285264120748378813e-01 2.152528981989548811e+03
1.641758546658452118e-03 -9.285299299042779619e-01 2.204239288253882933e+03
1.681202559626319808e-03 -9.285347450784918744e-01 2.257189867976057485e+03
1.721594233358418428e-03 -9.285403202550465140e-01 2.311411255619848816e+03
1.762956335845538647e-03 -9.285458954650760433e-01 2.366935129562966722e+03
1.805312182090048657e-03 -9.285514707085806840e-01 2.423792777653872690e+03
1.848685647248091363e-03 -9.285570459855605474e-01 2.482016239326256709e+03
1.893101180087546336e-03 -9.285626212960159664e-01 2.541638323653337011e+03
1.938583816769315175e-03 -9.285681966399470522e-01 2.602692627835859184e+03
1.985159194959720038e-03 -9.285737720173539156e-01 2.665213556134226110e+03
2.032853568281939565e-03 -9.285793474282370008e-01 2.729236339255355233e+03
2.081693821114666190e-03 -9.285849228725963078e-01 2.794797054205304903e+03
2.131707483746297406e-03 -9.285935370147549994e-01 2.861926806167629820e+03
2.182922747893225549e-03 -9.286023729841547114e-01 2.930668547897446842e+03
2.235368482590939163e-03 -9.286112090376323902e-01 3.001061424466165590e+03
2.289074250466940040e-03 -9.286200451751889240e-01 3.073145095128666526e+03
2.344070324404607525e-03 -9.286288813968252009e-01 3.146960171731015635e+03
2.400387704607436987e-03 -9.286377177025419982e-01 3.222548241591137867e+03
2.458058136073229451e-03 -9.286465540923399820e-01 3.299951890929037745e+03
2.517114126488131584e-03 -9.286553905662200403e-01 3.379214728859833940e+03
2.577588964550570939e-03 -9.286642271241830615e-01 3.460381411963070605e+03
2.639516738735453189e-03 -9.286742696025713784e-01 3.543494800146150737e+03
2.702932356509145460e-03 -9.286882732560470810e-01 3.628594800839332947e+03
2.767871564006135938e-03 -9.287022771206865368e-01 3.715738549449868515e+03
2.834370966178435119e-03 -9.287162811964928544e-01 3.804975128298752679e+03
2.902468047429048598e-03 -9.287302854834692534e-01 3.896354798460088205e+03
2.972201192741207379e-03 -9.287442899816189534e-01 3.989929028069835567e+03
3.043609709315222081e-03 -9.287582946909450632e-01 4.085750521314429989e+03
3.116733848725189091e-03 -9.287722996114508023e-01 4.183873248115576644e+03
3.191614829607990547e-03 -9.287863047431393904e-01 4.284352474527909180e+03
3.268294860897442890e-03 -9.288003100860140471e-01 4.387244793866745567e+03
3.346817165616632148e-03 -9.288186941459785073e-01 4.492594944733329612e+03
3.427226005241894823e-03 -9.288408877953175935e-01 4.600463079007859051e+03
3.509566704652121796e-03 -9.288630819749627010e-01 4.710921149507449627e+03
3.593885677677509816e-03 -9.288852766849263753e-01 4.824031341136789706e+03
3.680230453262119290e-03 -9.289074719252212731e-01 4.939857331873006842e+03
3.768649702255017376e-03 -9.289296676958601617e-01 5.058464328614647457e+03
3.859193264845053786e-03 -9.289518639968556979e-01 5.179919103891369559e+03
3.951912178654809829e-03 -9.289740608282205381e-01 5.304290033455090452e+03
4.046858707509491497e-03 -9.289962581899672278e-01 5.431647134773674225e+03
4.144086370897036124e-03 -9.290184560821087567e-01 5.562062106448898703e+03
4.243649974135966715e-03 -9.289719078122953277e-01 5.695077626564575439e+03
4.345605639268089633e-03 -9.289118927924809865e-01 5.831167708621543170e+03
4.450010836693372475e-03 -9.288518816498587682e-01 5.970509811396866098e+03
4.556924417564897113e-03 -9.287918743841783176e-01 6.113181645467212547e+03
4.666406646962065197e-03 -9.287318709951890572e-01 6.259262778388068909e+03
4.778519237860852711e-03 -9.286718714826405208e-01 6.408834679068333571e+03
4.893325385920211171e-03 -9.286118758462823530e-01 6.561980763205217954e+03
5.010889805104189187e-03 -9.285518840858640877e-01 6.718786439804841393e+03
5.131278764159934516e-03 -9.284918962011353694e-01 6.879339158814553230e+03
5.254560123972075794e-03 -9.284331365371543132e-01 7.043702571457484737e+03
5.380803375814585156e-03 -9.283820567689073933e-01 7.211826812232149678e+03
5.510079680521607140e-03 -9.283309798109249389e-01 7.383963965257063137e+03
5.642461908599444471e-03 -9.282799056630525181e-01 7.560209813654585560e+03
5.778024681302211356e-03 -9.282288343251353657e-01 7.740662426768654768e+03
5.916844412694392645e-03 -9.281777657970189388e-01 7.925422214734002409e+03
6.058999352723905447e-03 -9.281267000785486943e-01 8.114591984347813195e+03
6.204569631330082019e-03 -9.280756371695699780e-01 8.308276996275051715e+03
6.353637303611324103e-03 -9.280245770699282470e-01 8.506585023619150888e+03
6.506286396077969048e-03 -9.279735197794689583e-01 8.709626411890771124e+03
6.662602954016345197e-03 -9.279878353444692696e-01 8.917919869555234982e+03
6.822675089990823220e-03 -9.280857152334643922e-01 9.131725764640925263e+03
6.986593033511125442e-03 -9.281836054463800112e-01 9.350657626481404805e+03
7.154449181892947110e-03 -9.282815059843050332e-01 9.574838349420477243e+03
7.326338152340465711e-03 -9.283794168483285869e-01 9.804393774176793158e+03
7.502356835280216477e-03 -9.284773380395398013e-01 1.003945275848284837e+04
7.682604448976307517e-03 -9.285752695590279160e-01 1.028014724941740133e+04
7.867182595457832689e-03 -9.286732114078822820e-01 1.052661235747222599e+04
8.056195317789879851e-03 -9.287711635871923610e-01 1.077898643239443845e+04
8.249749158720589420e-03 -9.288691260980479480e-01 1.103741114084714536e+04
8.447953220737223004e-03 -9.290466123119999198e-01 1.130224591971230620e+04
8.650919227565034494e-03 -9.292520281083762601e-01 1.157351221464350601e+04
8.858761587143770821e-03 -9.294574893229791135e-01 1.185128919809521176e+04
9.071597456117155150e-03 -9.296629959658504472e-01 1.213573313373088058e+04
9.289546805871811211e-03 -9.298685480470347819e-01 1.242700403571323113e+04
9.512732490162722349e-03 -9.300741455765786370e-01 1.272526575872027206e+04
9.741280314363508913e-03 -9.302797885645308629e-01 1.303068609012204797e+04
9.975319106380411277e-03 -9.304854770209423087e-01 1.334343684436935655e+04
1.021498078927009570e-02 -9.306912109558664881e-01 1.366369395964829528e+04
1.046040045560201089e-02 -9.309025036172327017e-01 1.399163755362640950e+04
1.071171644360745592e-02 -9.312405036696425054e-01 1.432745113577338816e+04
1.096907041515809283e-02 -9.315786264460056421e-01 1.467132458664710975e+04
1.123260743561799516e-02 -9.319168719908818010e-01 1.502345135132349060e+04
1.150247605561407170e-02 -9.322552403488468808e-01 1.538402951775771362e+04
1.177882839477117395e-02 -9.325937315644927672e-01 1.575326192821809855e+04
1.206182022745890502e-02 -9.329323456824277772e-01 1.613135629339434854e+04
1.235161107059861395e-02 -9.332710827472763260e-01 1.651852530924481471e+04
1.264836427357986931e-02 -9.336099428036790382e-01 1.691498677664791467e+04
1.295224711033732962e-02 -9.339489258962926366e-01 1.732096372392544799e+04
1.326343087363979906e-02 -9.343560379265023474e-01 1.773661592613881658e+04
1.358209097164451637e-02 -9.348935934156303862e-01 1.816210806326650345e+04
1.390840702677132064e-02 -9.354314581722028565e-01 1.859780753416696098e+04
1.424256297695225548e-02 -9.359696323741478752e-01 1.904395920743741226e+04
1.458474717931380199e-02 -9.365081161994961434e-01 1.950081382594462411e+04
1.493515251635000457e-02 -9.370469098263809471e-01 1.996862814774556318e+04
1.529397650464658920e-02 -9.375860134330377127e-01 2.044766509038866207e+04
1.566142140621713461e-02 -9.381254271978046733e-01 2.093819387867674232e+04
1.603769434251425471e-02 -9.386651512991225355e-01 2.144049019597494043e+04
1.642300741117978108e-02 -9.392051859155348126e-01 2.195483633914796155e+04
1.681757780560010421e-02 -9.399450211913710218e-01 2.248122401059437470e+04
1.722162793733374858e-02 -9.407955779652080741e-01 2.302006436611410754e+04
1.763538556148047318e-02 -9.416469044083440876e-01 2.357181989603012698e+04
1.805908390506223010e-02 -9.424990012172531628e-01 2.413680015720449592e+04
1.849296179848870791e-02 -9.433518690890397851e-01 2.471532212610124770e+04
1.893726381018128596e-02 -9.442055087214392683e-01 2.530771037662258459e+04
1.939224038443152984e-02 -9.450599208128180884e-01 2.591429726220789598e+04
1.985814798257156885e-02 -9.459151060621748819e-01 2.653542310229707437e+04
2.033524922753639219e-02 -9.467710651691406687e-01 2.717143637326360840e+04
2.082381305189916904e-02 -9.476277988339797398e-01 2.782269390392354035e+04
2.132411484946333813e-02 -9.489440234121906403e-01 2.848867343868143871e+04
2.183643663049653419e-02 -9.502883567216167116e-01 2.917054224638264350e+04
2.236106718069428428e-02 -9.516345944974834437e-01 2.986873140230633362e+04
2.289830222396289569e-02 -9.529827394377772265e-01 3.058363152963851098e+04
2.344844458911303844e-02 -9.543327942443058376e-01 3.131564260102705884e+04
2.401180438055849214e-02 -9.556847616227051034e-01 3.206517416235860219e+04
2.458869915311583804e-02 -9.570386442824435624e-01 3.283264556189144787e+04
2.517945409100395132e-02 -9.583944449368283491e-01 3.361848618487270869e+04
2.578440219114379664e-02 -9.597521663030104122e-01 3.442313569377106614e+04
2.640388445086232910e-02 -9.612983042479243956e-01 3.524659020176439662e+04
2.703825006010590962e-02 -9.634151109685581416e-01 3.608832939153281040e+04
2.768785659827192186e-02 -9.655365789589276382e-01 3.695017052192976553e+04
2.835307023576906851e-02 -9.676627184832838902e-01 3.783259365616480500e+04
2.903426594042051237e-02 -9.697935398284799335e-01 3.873609032204615505e+04
2.973182768882580776e-02 -9.719290533040209068e-01 3.966116378577209252e+04
3.044614868280107189e-02 -9.740692692421140109e-01 4.060832933226069144e+04
3.117763157101889962e-02 -9.762141979977179140e-01 4.157811455217333423e+04
3.192668867597363291e-02 -9.783638499485932671e-01 4.257105963579437230e+04
3.269374222639934158e-02 -9.805182354953529966e-01 4.358771767392781476e+04
3.347922459527200023e-02 -9.833162961419670278e-01 4.462663856825540279e+04
3.428357854352939715e-02 -9.866039425007074870e-01 4.568877158883162338e+04
3.510725746964687283e-02 -9.899025808653999503e-01 4.677618382804477005e+04
3.595072566520918916e-02 -9.932122479870155729e-01 4.788947694207408495e+04
3.681445857662236226e-02 -9.965329807393988881e-01 4.902926690677204169e+04
3.769894307311355552e-02 -9.998648161196798112e-01 5.019618435847935325e+04
3.860467772116961405e-02 -1.003207791248685199e+00 5.139087494295006763e+04
3.953217306556933847e-02 -1.006561943371353296e+00 5.261399967258268589e+04
4.048195191716723318e-02 -1.009927309857147737e+00 5.386623529215258168e+04
4.145454964759191785e-02 -1.013896085989961282e+00 5.514589813674182369e+04
4.245051449102441726e-02 -1.018622819979021266e+00 5.645292501650107442e+04
4.347040785322717898e-02 -1.023371589770874168e+00 5.779093007092305925e+04
4.451480462799718707e-02 -1.028142498095355517e+00 5.916064752156074974e+04
4.558429352122242428e-02 -1.032935648161221964e+00 6.056282899193785124e+04
4.667947738272368308e-02 -1.037751143658384390e+00 6.199824391999731597e+04
4.780097354606935994e-02 -1.042632211464181502e+00 6.346747386186001677e+04
4.894941417655392091e-02 -1.048679540600312432e+00 6.496595681845663785e+04
5.012544662753722069e-02 -1.054761944606832369e+00 6.649981933303108963e+04
5.132973380534471691e-02 -1.060879626920085750e+00 6.806989672581000195e+04
5.256295454293494901e-02 -1.067032792156360266e+00 6.967704403913966962e+04
5.382580398254397519e-02 -1.074131642211565429e+00 7.131711962138634408e+04
5.511899396752356628e-02 -1.081344091566057264e+00 7.299542784460916300e+04
5.644325344359317487e-02 -1.088604970203931543e+00 7.471323175283832825e+04
5.779932886973248446e-02 -1.096638007483548005e+00 7.646706818241225847e+04
5.918798463894534012e-02 -1.104884254177104674e+00 7.826112537228186557e+04
6.061000350913313406e-02 -1.113385123387936160e+00 8.009601371157584072e+04
6.206618704432023681e-02 -1.122589785584805933e+00 8.196968030923401238e+04
6.355735606647947011e-02 -1.131870545265267536e+00 8.388717713459626248e+04
6.508435111821354868e-02 -1.141998310568262509e+00 8.584403107346147590e+04
6.664803293655223448e-02 -1.152256509060242573e+00 8.784624483425254584e+04
6.824928293813307956e-02 -1.163310086528259957e+00 8.988977625816158252e+04
6.988900371603833095e-02 -1.174570168289321703e+00 9.198006655200287059e+04
7.156811954856900915e-02 -1.186702822074739760e+00 9.411270879119192250e+04
7.328757692024230608e-02 -1.199106826519624081e+00 9.629354984735020844e+04
7.504834505530658118e-02 -1.212352267728026511e+00 9.851869093137477466e+04
7.685141646407345206e-02 -1.226066303255970213e+00 1.007922674011715862e+05
7.869780750237667655e-02 -1.240441660239457899e+00 1.031135747620791808e+05
8.058855894447174151e-02 -1.255592752419788738e+00 1.054823373287013092e+05
8.252473656970008009e-02 -1.271254385413132404e+00 1.079022224622110371e+05
8.450743176324750083e-02 -1.287888148161562496e+00 1.103694153112431668e+05
8.653776213133673734e-02 -1.305202683520825913e+00 1.128878434461086144e+05
8.861687213119998074e-02 -1.323172677263162456e+00 1.154589705068150361e+05
9.074593371618717985e-02 -1.342284557007561885e+00 1.180779748641705082e+05
9.292614699637251341e-02 -1.362123128869170641e+00 1.207506912089291145e+05
9.515874091503320753e-02 -1.382751702934719384e+00 1.234775696129397402e+05
9.744497394138042223e-02 -1.404633371405319409e+00 1.262532990598612523e+05
9.978613477993394931e-02 -1.427378919455544848e+00 1.290839979845845373e+05
1.021835430969390002e-01 -1.451035295304138550e+00 1.319702709842708718e+05
1.046385502642363241e-01 -1.476037344940432261e+00 1.349064128194148652e+05
1.071525401210043499e-01 -1.502106968018009026e+00 1.378974453802268836e+05
1.097269297538009114e-01 -1.529236195260306630e+00 1.409447302379166940e+05
1.123631702953483552e-01 -1.557722632423958142e+00 1.440441335732800653e+05
1.150627477425079231e-01 -1.587574795332418187e+00 1.471960284143822209e+05
1.178271837939061373e-01 -1.618648493568100477e+00 1.504041746018181439e+05
1.206580367076877380e-01 -1.651054742436532941e+00 1.536676652287046891e+05
1.235569021798744865e-01 -1.685193953549996460e+00 1.569785598384377081e+05
1.265254142438267115e-01 -1.720731302261714557e+00 1.603448159904650529e+05
1.295652461913175957e-01 -1.757727335295459881e+00 1.637664753230682982e+05
1.326781115157325830e-01 -1.796529480320682826e+00 1.672358796113584249e+05
1.358657648779338645e-01 -1.837099155421396901e+00 1.707541831649171945e+05
1.391300030953272204e-01 -1.879325258329961557e+00 1.743255357250572124e+05
1.424726661546918127e-01 -1.923304861588648773e+00 1.779487411420001299e+05
1.458956382493460935e-01 -1.969525160892912963e+00 1.816088713540807366e+05
1.494008488412297830e-01 -2.017615329241841504e+00 1.853181786763715500e+05
1.529902737485024644e-01 -2.067651052575361081e+00 1.890759124960380432e+05
1.566659362592755511e-01 -2.119938309276455435e+00 1.928719113117716042e+05
1.604299082720975489e-01 -2.174572573959886679e+00 1.967019459153561620e+05
1.642843114638444790e-01 -2.231386548498272226e+00 2.005741190686858026e+05
1.682313184856665811e-01 -2.290466101503939367e+00 2.044870814030919573e+05
1.722731541876678096e-01 -2.352310984563306118e+00 2.084166034555937222e+05
1.764120968730121253e-01 -2.416634319759827232e+00 2.123769221708507976e+05
1.806504795821570475e-01 -2.483474603841733686e+00 2.163686597993300529e+05
1.849906914079415543e-01 -2.553058724712859551e+00 2.203805987993798626e+05
1.894351788422727334e-01 -2.625646827837407660e+00 2.243943195566258219e+05
1.939864471551641378e-01 -2.701009030784324416e+00 2.284270951250790094e+05
1.986470618069058058e-01 -2.779245156741302569e+00 2.324759858960757556e+05
2.034196498941666098e-01 -2.860734165562939690e+00 2.365096450023688376e+05
2.083069016308334853e-01 -2.945378321264147559e+00 2.405353248751499923e+05
2.133115718644350567e-01 -3.033153726849772802e+00 2.445602931298468611e+05
2.184364816289936229e-01 -3.124201682782218548e+00 2.485754153605290048e+05
2.236845197351850500e-01 -3.218859028533574307e+00 2.525339812163959723e+05
2.290586443987071841e-01 -3.316890282420378533e+00 2.564709180102162936e+05
2.345618849077665269e-01 -3.418397821353600818e+00 2.603811602753037587e+05
2.401973433306266725e-01 -3.523602324107108608e+00 2.642274512316875625e+05
2.459681962641865616e-01 -3.632527299806355359e+00 2.679985837378906435e+05
2.518776966245617199e-01 -3.745135573457619937e+00 2.717165043551977724e+05
2.579291754806923853e-01 -3.861523761233529140e+00 2.753750544595024548e+05
2.641260439319998987e-01 -3.981843908677538568e+00 2.788935034068204695e+05
2.704717950311548713e-01 -4.106012518158897784e+00 2.823220828910924611e+05
2.769700057530450343e-01 -4.234103504805050378e+00 2.856591651020940044e+05
2.836243390110443352e-01 -4.366168462082314683e+00 2.888638560504129855e+05
2.904385457217229516e-01 -4.502150722739219013e+00 2.918914171877080225e+05
2.974164669191687316e-01 -4.642120924034216500e+00 2.947912104489940684e+05
3.045620359201005600e-01 -4.786142278085744550e+00 2.975559656018522801e+05
3.118792805409998925e-01 -4.933966785122636978e+00 3.000781422443808988e+05
3.193723253685156749e-01 -5.085696266777389063e+00 3.024124312656436232e+05
3.270453940844075813e-01 -5.241420085494442382e+00 3.045725880314161768e+05
3.349028118463568959e-01 -5.400957339677519009e+00 3.065022438601287431e+05
3.429490077259704228e-01 -5.563958841175822734e+00 3.081343352406913182e+05
3.511885172053592075e-01 -5.730778891326182567e+00 3.095531228202580824e+05
3.596259847337043292e-01 -5.901437124272426615e+00 3.107550289075902547e+05
3.682661663452394540e-01 -6.074830967795830539e+00 3.115534323173524463e+05
3.771139323401314081e-01 -6.251702187531774868e+00 3.120960704264245578e+05
3.861742700297776110e-01 -6.432097202695744365e+00 3.123906166228514630e+05
3.954522865480491478e-01 -6.614839111910145952e+00 3.122748021376609104e+05
4.049532117300871925e-01 -6.800252662767463541e+00 3.118208803054430173e+05
4.146824010602553900e-01 -6.988783032089638247e+00 3.110999495569003047e+05
4.246453386909186389e-01 -7.178996758126273470e+00 3.099469766207450884e+05
4.348476405337565187e-01 -7.371013848053480366e+00 3.084083863310685265e+05
4.452950574253398686e-01 -7.565716984605834305e+00 3.066053394067570334e+05
4.559934783687611404e-01 -7.760831877858883843e+00 3.043113570746039040e+05
4.669489338531548905e-01 -7.957225746383385534e+00 3.016572178323484841e+05
4.781675992529630936e-01 -8.156000208939996554e+00 2.987747498266888433e+05
4.896557983088690169e-01 -8.352683761860239642e+00 2.952697672005162458e+05
5.014200066923721888e-01 -8.551280902884029089e+00 2.915592949386234395e+05
5.134668556559889296e-01 -8.749508171751813279e+00 2.874677230914150714e+05
5.258031357711656639e-01 -8.946500917865352065e+00 2.829728130938276881e+05
5.384358007559875148e-01 -9.144928279166238738e+00 2.783200422319752397e+05
5.513719713948486145e-01 -9.338956865402183283e+00 2.731207072073383024e+05
5.646189395523049104e-01 -9.535613499962424910e+00 2.679188242696470697e+05
5.781841722833508390e-01 -9.726003170360513650e+00 2.621691696293427958e+05
5.920753160424481187e-01 -9.919273827272968802e+00 2.564923871098980890e+05
6.063002009936894199e-01 -1.010529244385084624e+01 2.503548414846707310e+05
6.208668454244981039e-01 -1.029479951395021509e+01 2.443641597360921733e+05
6.357834602653871237e-01 -1.047515511095456731e+01 2.379900781489035289e+05
6.510584537182957376e-01 -1.065819057581362728e+01 2.317632307078074955e+05
6.667004359961231641e-01 -1.083517782020457432e+01 2.254474756054612517e+05
6.827182241761432513e-01 -1.101005279391409175e+01 2.191722195878449420e+05
6.991208471700144367e-01 -1.118694400320477378e+01 2.130660285347401223e+05
7.159175508131941923e-01 -1.135239087602725938e+01 2.070348886533874029e+05
7.331178030766428710e-01 -1.152028458935586741e+01 2.011744688465518702e+05
7.507312994037290688e-01 -1.169008268181710264e+01 1.954948796258313523e+05
7.687679681753543104e-01 -1.184816520544524643e+01 1.903278188883657567e+05
7.872379763063974689e-01 -1.200838544571381483e+01 1.852973270304317120e+05
8.061517349765912055e-01 -1.217077231051423603e+01 1.803997944449810311e+05
8.255199054991104735e-01 -1.233125131855058676e+01 1.760089885518786905e+05
8.453534053301395845e-01 -1.248664879221287727e+01 1.723644131839396432e+05
8.656634142228226692e-01 -1.264400457279768908e+01 1.687953051527652133e+05
8.864613805290797455e-01 -1.280334333873713071e+01 1.653001017745457066e+05
9.077590276528125779e-01 -1.296469007945902163e+01 1.618772727235864440e+05
9.295683606581511826e-01 -1.312747790100359246e+01 1.592752772619469324e+05
9.519016730364840972e-01 -1.329189576210855073e+01 1.572265811548404745e+05
9.747715536360430644e-01 -1.345837290933487296e+01 1.552042366310517245e+05
9.981908937580016294e-01 -1.362693513464521367e+01 1.532079047403871373e+05
1.022172894423042599e+00 -1.379760855303909040e+01 1.512372508924370632e+05
1.046731073812506185e+00 -1.397041960659877269e+01 1.492919448004988080e+05
1.071879274888335898e+00 -1.414539506858602458e+01 1.473716604262194014e+05
1.097631673196076463e+00 -1.432555478240426972e+01 1.449443714031588752e+05
1.124002784855343773e+00 -1.450801316381167538e+01 1.425563545435183332e+05
1.151007474742290260e+00 -1.469279543853082970e+01 1.402076812228278141e+05
1.178660964868625038e+00 -1.487993120498345867e+01 1.378977032404477359e+05
1.206978842961978549e+00 -1.506945043857359856e+01 1.356257830751040892e+05
1.235977071252390092e+00 -1.526138349648899428e+01 1.333912937089424522e+05
1.265671995469895172e+00 -1.545576112256370394e+01 1.311936184544808348e+05
1.296080354058306572e+00 -1.565261445220272485e+01 1.290321507844108273e+05
1.327219287610337473e+00 -1.584404875223996001e+01 1.266278015094789444e+05
1.359106348529408592e+00 -1.601456754485102607e+01 1.234786494220544992e+05
1.391759510923607612e+00 -1.618692151602586904e+01 1.204078147242673149e+05
1.425197180737332481e+00 -1.636113041655154632e+01 1.174133497129418247e+05
1.459438206126350446e+00 -1.653721420977947076e+01 1.144933551230307930e+05
1.494501888082152341e+00 -1.671519307391314868e+01 1.116459789229870657e+05
1.530407991311518501e+00 -1.689508740432043155e+01 1.088694151400996925e+05
1.567176755377514441e+00 -1.707691781587074331e+01 1.061619027150380571e+05
1.604828906108126008e+00 -1.726070514529745736e+01 1.035217243848866492e+05
1.643385667278990159e+00 -1.744647045358556881e+01 1.009472055939555721e+05
1.682868772576837868e+00 -1.762707823060403811e+01 9.897843377342984604e+04
1.723300477850337131e+00 -1.780527384880900144e+01 9.736406612892585690e+04
1.764703573655264535e+00 -1.798527088174257926e+01 9.577602930005799863e+04
1.807101398101117251e+00 -1.816708754026238637e+01 9.421389382340443262e+04
1.850517850006317966e+00 -1.835074221932314131e+01 9.267723724022005626e+04
1.894977402369532493e+00 -1.853625349983782655e+01 9.116564398218675342e+04
1.940505116164606747e+00 -1.872364015055755360e+01 8.967870525902905501e+04
1.987126654466931930e+00 -1.891292112997039609e+01 8.821601894796284614e+04
2.034868296919237984e+00 -1.910411558821958522e+01 8.677718948494546930e+04
2.083756954544899287e+00 -1.929724286904092878e+01 8.536182775770126318e+04
2.133820184917135432e+00 -1.947346174540300723e+01 8.367644652322295588e+04
2.185086207692697347e+00 -1.964986800608026485e+01 8.200290720534062712e+04
2.237583920518719349e+00 -1.982787229638437765e+01 8.036283888156541798e+04
2.291342915321741280e+00 -2.000748909255144881e+01 7.875557212786051969e+04
2.346393494988124218e+00 -2.018873300195505749e+01 7.718045090875226015e+04
2.402766690445155007e+00 -2.037161876429400920e+01 7.563683230955856561e+04
2.460494278152600689e+00 -2.055616125279122386e+01 7.412408627397015516e+04
2.519608798014460582e+00 -2.074237547540318616e+01 7.264159534688261920e+04
2.580143571721051465e+00 -2.093027657604048386e+01 7.118875442237027164e+04
2.642132721531820216e+00 -2.111708950807510732e+01 6.975469270151486853e+04
2.705611189509373737e+00 -2.129624526774172111e+01 6.831616433678439353e+04
2.770614757215613455e+00 -2.147692097106388687e+01 6.690730227515137813e+04
2.837180065881137914e+00 -2.165912951312645163e+01 6.552749471808487579e+04
2.905344637059135593e+00 -2.184288389841509215e+01 6.417614248397738993e+04
2.975146893775586054e+00 -2.202819724174459637e+01 6.285265874794821866e+04
3.046626182187546217e+00 -2.221508276919486136e+01 6.155646878701552487e+04
3.119822793761784840e+00 -2.240355381905472143e+01 6.028700973052357585e+04
3.194777987986324952e+00 -2.259362384277410385e+01 5.904373031571441970e+04
3.271534015627588055e+00 -2.278530640592402889e+01 5.782609064834335004e+04
3.350134142546296268e+00 -2.297154692953233734e+01 5.666182535183821892e+04
3.430622674085627821e+00 -2.315307393845343142e+01 5.554525413165855571e+04
3.513044980045245680e+00 -2.333603541998837372e+01 5.445068593171305838e+04
3.597447520255336428e+00 -2.352044270970474571e+01 5.337768716309114825e+04
3.683877870765155382e+00 -2.370630723274668483e+01 5.232583278113309643e+04
3.772384750660645825e+00 -2.389364050454269872e+01 5.129470611705976626e+04
3.863018049526482756e+00 -2.408245413151918513e+01 5.028389871291689633e+04
3.955828855567826263e+00 -2.427275981181946563e+01 4.929301015977471980e+04
4.050869484407711774e+00 -2.446456933602854278e+01 4.832164793911431480e+04
4.148193508576382804e+00 -2.465789458790361977e+01 4.736942726734031021e+04
4.247855787709050368e+00 -2.484140979364676127e+01 4.636148703293378640e+04
4.349912499469160920e+00 -2.502402832048948866e+01 4.536056422708406171e+04
4.454421171214698383e+00 -2.520798934466322905e+01 4.438125087613724463e+04
4.561440712425151922e+00 -2.539330273536971205e+01 4.342308044207624334e+04
4.671031447907693313e+00 -2.557997843436287511e+01 4.248559645922111667e+04
4.783255151801056648e+00 -2.576802645648226076e+01 4.156835231677256525e+04
4.898175082396369895e+00 -2.595745689019020475e+01 4.067091104604943393e+04
5.015856017794670052e+00 -2.614827989811316300e+01 3.979284511231968645e+04
5.136364292421009559e+00 -2.634050571758683290e+01 3.893373621112597903e+04
5.259767834415839616e+00 -2.653248695817666913e+01 3.810229082527499850e+04
5.386136203924831278e+00 -2.671526388357342086e+01 3.734531532080000034e+04
5.515540632308477242e+00 -2.689929992216636379e+01 3.660337859488566028e+04
5.648054062293883071e+00 -2.708460374773115120e+01 3.587618187318689888e+04
5.783751189091112188e+00 -2.727118409379530561e+01 3.516343231708730309e+04
5.922708502497369132e+00 -2.745904975404981485e+01 3.446484290577445790e+04
6.065004330012860656e+00 -2.764820958276365559e+01 3.378013232065803459e+04
6.210718880992432744e+00 -2.783867249520107734e+01 3.310902483208414924e+04
6.359934291857960886e+00 -2.803044746804172860e+01 3.245125018830034242e+04
6.512734672397115787e+00 -2.822354353980382768e+01 3.180654350662654542e+04
6.669206153174346952e+00 -2.841276356232910771e+01 3.116902188220974494e+04
6.829436934080953314e+00 -2.859651259682883762e+01 3.053719251548757165e+04
6.993517334051714940e+00 -2.878144996021482527e+01 2.991817100491697056e+04
7.161539841975785414e+00 -2.896758333756442028e+01 2.931169772157310581e+04
7.333599168830958526e+00 -2.915492046365535472e+01 2.871751829948658997e+04
7.509792301070337572e+00 -2.934346912328717849e+01 2.813538352895811840e+04
7.690218555291641778e+00 -2.953323715160475516e+01 2.756504925203512539e+04
7.874979634220108160e+00 -2.972423243442382912e+01 2.700627626010758831e+04
8.064179684036266949e+00 -2.991646290855880252e+01 2.645883019357936428e+04
8.257925353081047248e+00 -3.010993656215239156e+01 2.592248144357381534e+04
8.456325851971453034e+00 -3.029673696305820485e+01 2.539407516833077170e+04
8.659493015160311558e+00 -3.048187777687175526e+01 2.487542534200198861e+04
8.867541363975263380e+00 -3.066814997064154724e+01 2.436736844495164769e+04
9.080588171172134793e+00 -3.085556045813543946e+01 2.386968812667701059e+04
9.298753527039215427e+00 -3.104411619537070521e+01 2.338217245542852470e+04
9.522160407089906187e+00 -3.123382418087227919e+01 2.290461382796085672e+04
9.750934741381538373e+00 -3.142469145593254254e+01 2.243680888112758839e+04
9.985205485499603739e+00 -3.161672510487253263e+01 2.197855840528110639e+04
1.022510469324759086e+01 -3.180993225530502855e+01 2.152966725944117934e+04
1.047076759108306909e+01 -3.200390066391540245e+01 2.108996088107694231e+04
1.072233265434210203e+01 -3.218897737591264985e+01 2.065962287508851659e+04
1.097994168529521630e+01 -3.237512437586272540e+01 2.023806586212523325e+04
1.124373989307838251e+01 -3.256234785317909797e+01 1.982511066712605316e+04
1.151387597554469089e+01 -3.275065403306834355e+01 1.942058177107457959e+04
1.179050220308234032e+01 -3.294004917673701271e+01 1.902430723639780263e+04
1.207377450444638534e+01 -3.313053958159979828e+01 1.863611863388744314e+04
1.236385255465284416e+01 -3.332213158148906729e+01 1.825585097111208597e+04
1.266089986498428566e+01 -3.351483154686533794e+01 1.788334262229003070e+04
1.296508387515785010e+01 -3.370864588502907111e+01 1.751843525959362523e+04
1.327657604770788957e+01 -3.390013401858769981e+01 1.716082527702188236e+04
1.359555196463582050e+01 -3.408602898060667030e+01 1.681023490595102339e+04
1.392219142638241536e+01 -3.427294331726543675e+01 1.646680698810157992e+04
1.425667855317770005e+01 -3.446088261841239131e+01 1.613039519676186865e+04
1.459920188882580305e+01 -3.464985250454846977e+01 1.580085619462981231e+04
1.494995450698356620e+01 -3.483985862699518776e+01 1.547804957274024309e+04
1.530913411999227058e+01 -3.503090666806373576e+01 1.516183779063984184e+04
1.567694319032409567e+01 -3.522300234122475615e+01 1.485208611778445083e+04
1.605358904470640979e+01 -3.541615139127942768e+01 1.454866257613330890e+04
1.643928399098767557e+01 -3.561035959453109712e+01 1.425143788391638009e+04
1.683424543781110216e+01 -3.579953945994437703e+01 1.395792898157757736e+04
1.723869601716383571e+01 -3.598632341587686767e+01 1.366918358216620800e+04
1.765286370986997255e+01 -3.617408191636269521e+01 1.338641141171968229e+04
1.807698197409907692e+01 -3.636282004608424501e+01 1.310948890302496511e+04
1.851128987696187167e+01 -3.655254291625324470e+01 1.283829504508382342e+04
1.895603222926753517e+01 -3.674325566474901450e+01 1.257271133023285438e+04
1.941145972351895210e+01 -3.693496345625785438e+01 1.231262170235734993e+04
1.987782907522304399e+01 -3.712767148241279358e+01 1.205791250617643345e+04
2.035540316759610135e+01 -3.732138496193408628e+01 1.180847243757758406e+04
2.084445119974616745e+01 -3.751610914077076586e+01 1.156419249497816782e+04
2.134524883841494258e+01 -3.770316069588461971e+01 1.132433442507015388e+04
2.185807837336598780e+01 -3.789063053947683812e+01 1.108941492911196656e+04
2.238322887650578963e+01 -3.807903253150458767e+01 1.085936875881774176e+04
2.292099636482773306e+01 -3.826837130685039767e+01 1.063409481869125557e+04
2.347168396727135686e+01 -3.845865152344261872e+01 1.041349411042816973e+04
2.403560209559000427e+01 -3.864987786237009715e+01 1.019746968941053819e+04
2.461306861932368761e+01 -3.884205502799716214e+01 9.985926622103923364e+03
2.520440904497614554e+01 -3.903518774807953662e+01 9.778771944337899185e+03
2.580995669949634674e+01 -3.922928077388055357e+01 9.575914620452402232e+03
2.643005291816813340e+01 -3.942218388605202506e+01 9.377184943756054054e+03
2.706504723701456427e+01 -3.960939002585796942e+01 9.182337414037376220e+03
2.771529758982408609e+01 -3.979748516102958433e+01 8.991538600438223511e+03
2.838117050991110446e+01 -3.998647351318467713e+01 8.804704375116472875e+03
2.906304133672345458e+01 -4.017635932398836474e+01 8.621752358313488003e+03
2.976129442741367015e+01 -4.036714685524841428e+01 8.442601882030932757e+03
3.047632337349388365e+01 -4.055884038901082533e+01 8.267173954462194160e+03
3.120853122269544855e+01 -4.075144422765604446e+01 8.095391225163009949e+03
3.195833070615879379e+01 -4.094496269399537880e+01 7.927177950945835619e+03
3.272614447108230706e+01 -4.113940013136810592e+01 7.762459962482706032e+03
3.351240531895969355e+01 -4.133014450728042988e+01 7.600872875828437827e+03
3.431755644954212414e+01 -4.151793516957035735e+01 7.442413025195513001e+03
3.514205171066101485e+01 -4.170657909122494544e+01 7.287256679919504677e+03
3.598635585405286719e+01 -4.189608014917570955e+01 7.135334969888540400e+03
3.685094479733113815e+01 -4.208644223796973449e+01 6.986580460766304896e+03
3.773630589225135878e+01 -4.227766926984966744e+01 6.840927124059587186e+03
3.864293819942154329e+01 -4.246976517483398794e+01 6.698310307809905680e+03
3.957135276961329851e+01 -4.266273390079803818e+01 6.558666707896006301e+03
4.052207293183051462e+01 -4.285657941355490408e+01 6.421934339934771742e+03
4.149563458830011342e+01 -4.305130569693711351e+01 6.288052511767825308e+03
4.249258651654939456e+01 -4.324005893268635248e+01 6.156635434732459544e+03
4.351349067874080134e+01 -4.342841039696980232e+01 6.027907872678806598e+03
4.455892253843948936e+01 -4.361758231050730217e+01 5.901871843266302676e+03
4.562947138499050936e+01 -4.380757824713349891e+01 5.778471069907069250e+03
4.672574066568935081e+01 -4.399840179625037706e+01 5.657650452686445533e+03
4.784834832593380582e+01 -4.419005656289525774e+01 5.539356043760197281e+03
4.899792715754740158e+01 -4.438254616780876916e+01 5.423535023266150347e+03
5.017512515547134200e+01 -4.457587424750327187e+01 5.310135675739575163e+03
5.138060588302719367e+01 -4.477004445433166779e+01 5.199107367021489154e+03
5.261504884595367315e+01 -4.496389338694497440e+01 5.090352244891599184e+03
5.387914987543133094e+01 -4.515193660293780198e+01 4.983604083791416087e+03
5.517362152030860045e+01 -4.534076623328266464e+01 4.879094504492655687e+03
5.649919344875120686e+01 -4.553038556683799243e+01 4.776776562406967059e+03
5.785661285954238764e+01 -4.572079790621669559e+01 4.676604297406029218e+03
5.924664490326382094e+01 -4.591200656784341305e+01 4.578532713176800826e+03
6.067007311359556354e+01 -4.610401488201241449e+01 4.482517757009643901e+03
6.212769984897937547e+01 -4.629682619294558066e+01 4.388516300010294799e+03
6.362034674489142816e+01 -4.649044385885061814e+01 4.296486117726861266e+03
6.514885517698286321e+01 -4.668487125197957965e+01 4.206385871183005293e+03
6.671408673534632783e+01 -4.687671313933527273e+01 4.118060998613826087e+03
6.831692371017693688e+01 -4.706519496463869245e+01 4.031454970598616455e+03
6.995826958910264182e+01 -4.725443463741240180e+01 3.946670334760715377e+03
7.163904956646209143e+01 -4.744443520480857757e+01 3.863668785804988602e+03
7.336021106481788934e+01 -4.763519972623119969e+01 3.782412824026483122e+03
7.512272426900103994e+01 -4.782673127338566132e+01 3.702865738368210714e+03
7.692758267298447095e+01 -4.801903293032797393e+01 3.624991589835283321e+03
7.877580363989564205e+01 -4.821210779351453368e+01 3.548755195257867854e+03
8.066842897548514202e+01 -4.840595897185198027e+01 3.474122111395558022e+03
8.260652551537076249e+01 -4.860058958674722618e+01 3.401058619376119623e+03
8.459118572639293632e+01 -4.879055471853980208e+01 3.329390988285524600e+03
8.662352832241623446e+01 -4.897946566312359806e+01 3.259188293085389432e+03
8.870469889492582638e+01 -4.916910804733107909e+01 3.190465874137194987e+03
9.083587055877585215e+01 -4.935948470320528969e+01 3.123192518710774038e+03
9.301824461345066197e+01 -4.955059847375459015e+01 3.057337672219674005e+03
9.525305122021313764e+01 -4.974245221299505459e+01 2.992871424343745275e+03
9.754155009552360411e+01 -4.993504878599324570e+01 2.929764495444237127e+03
9.988503122111568189e+01 -5.012839106890880458e+01 2.867988223265479064e+03
1.022848155711349705e+02 -5.032248194903758076e+01 2.807514549916847955e+03
1.047422558567455582e+02 -5.051694690299771651e+01 2.748307965660258560e+03
1.072587372886259800e+02 -5.070553976901193494e+01 2.690212310026583509e+03
1.098356783577865201e+02 -5.089483670111269475e+01 2.633344720987222445e+03
1.124745316351439612e+02 -5.108484032776137695e+01 2.577679238811723280e+03
1.151767845903065535e+02 -5.127555328723200745e+01 2.523190452524595912e+03
1.179439604300326749e+02 -5.146697822764799213e+01 2.469853488305293467e+03
1.207776189568318017e+02 -5.165911780701888034e+01 2.417643998133489731e+03
1.236793574481937270e+02 -5.185197469327725628e+01 2.366538148674353579e+03
1.266508115569440918e+02 -5.204555156431578666e+01 2.316512610398724973e+03
1.296936562332277276e+02 -5.223985110802437504e+01 2.267544546933370839e+03
1.328096066686467793e+02 -5.243247522597453525e+01 2.219570307135578787e+03
1.360004192630797206e+02 -5.262144122803997703e+01 2.172537768260595840e+03
1.392678926147285097e+02 -5.281108826127512401e+01 2.126501845580161898e+03
1.426138685339545304e+02 -5.300141878010809648e+01 2.081441420867131001e+03
1.460402330814701486e+02 -5.319243524781263943e+01 2.037335823388099016e+03
1.495489176314730173e+02 -5.338414013654013246e+01 1.994164820421064633e+03
1.531418999603256736e+02 -5.357653592735155001e+01 1.951908607973973403e+03
1.568212053613867738e+02 -5.376962511024957081e+01 1.910547801699980710e+03
1.605889077866312675e+02 -5.396341018421087909e+01 1.870063428005178821e+03
1.644471310156951631e+02 -5.415789365721835935e+01 1.830436915344787167e+03
1.683980498530075067e+02 -5.434876916900604726e+01 1.791589148602494106e+03
1.724438913536865812e+02 -5.453805892645591058e+01 1.753534703237474560e+03
1.765869360788861684e+02 -5.472800795573152044e+01 1.716288557483538398e+03
1.808295193813017931e+02 -5.491861855299160311e+01 1.679833542564346999e+03
1.851740327215655384e+02 -5.510989302239223520e+01 1.644152854378827897e+03
1.896229250162623430e+02 -5.530183367611444112e+01 1.609230045755263291e+03
1.941787040183387774e+02 -5.549444283439241588e+01 1.575049018869882502e+03
1.988439377306727351e+02 -5.568772282554131436e+01 1.541594017826497065e+03
2.036212558536048789e+02 -5.588167598598553099e+01 1.508849621393766029e+03
2.085133512672513518e+02 -5.607630466028697924e+01 1.476800735896693368e+03
2.135229815494260777e+02 -5.626542994938551345e+01 1.445354311261234216e+03
2.186529705300316664e+02 -5.645492306007908923e+01 1.414574159057403904e+03
2.239062098827994021e+02 -5.664505435373923348e+01 1.384449498564022178e+03
2.292856607552674006e+02 -5.683582597966571370e+01 1.354966370480961359e+03
2.347943554379197622e+02 -5.702724009439680231e+01 1.326111112784263696e+03
2.404353990734321940e+02 -5.721929886173367663e+01 1.297870354395357481e+03
2.462119714069760903e+02 -5.741200445276477637e+01 1.270231008985119161e+03
2.521273285785815119e+02 -5.760535904589050915e+01 1.243180268909857205e+03
2.581848049585578337e+02 -5.779936482684776422e+01 1.216705599276461044e+03
2.643878150270109018e+02 -5.799244096802782167e+01 1.190781209445488230e+03
2.707398552985214337e+02 -5.818163389254495144e+01 1.165371459374714050e+03
2.772445062930598851e+02 -5.837144403479063470e+01 1.140503920915556591e+03
2.839054345542532474e+02 -5.856187340835879951e+01 1.116167023964774671e+03
2.907263947161474107e+02 -5.875292403341246228e+01 1.092349445310342844e+03
2.977112316196157735e+02 -5.894459793670514358e+01 1.069040103363126491e+03
3.048638824796246354e+02 -5.913689715160247573e+01 1.046228153000943848e+03
3.121883791045615908e+02 -5.932982371810359723e+01 1.023902980522664848e+03
3.196888501688849828e+02 -5.952337968286290959e+01 1.002054198709994921e+03
3.273695235403798165e+02 -5.971756709921172757e+01 9.806716419946033056e+02
3.352347286633218459e+02 -5.990905570797229984e+01 9.597218774856474965e+02
3.432888989988979347e+02 -6.009854307158212805e+01 9.392016758887472179e+02
3.515365745242648927e+02 -6.028862976797304185e+01 9.191202250210484408e+02
3.599824042916430358e+02 -6.047931769278478242e+01 8.994681437757669755e+02
3.686311490488932918e+02 -6.067060874765283529e+01 8.802362516273614119e+02
3.774876839230619794e+02 -6.086250484022750129e+01 8.614155643428151734e+02
3.865570011683880125e+02 -6.105500788419269043e+01 8.429972897846357682e+02
3.958442129803435137e+02 -6.124811979928527705e+01 8.249728238035726235e+02
4.053545543772754058e+02 -6.144184251131398611e+01 8.073337462191730083e+02
4.150933861512798444e+02 -6.163617795217872697e+01 7.900718168862701987e+02
4.250661978899798328e+02 -6.182608355091348074e+01 7.731475701016480571e+02
4.352786110708952378e+02 -6.201576727319571347e+01 7.565809592767757294e+02
4.457363822301562095e+02 -6.220603294912004344e+01 7.403693293182176376e+02
4.564454062073556315e+02 -6.239688236413249456e+01 7.245050738774683623e+02
4.674117194683465186e+02 -6.258831730915677127e+01 7.089807495909744830e+02
4.786415035078855453e+02 -6.278033958061131159e+01 6.937890725877671230e+02
4.901410883340171836e+02 -6.297295098042586403e+01 6.789229150719387462e+02
5.019169560361713707e+02 -6.316615331605864725e+01 6.643753019783538321e+02
5.139757444389955481e+02 -6.335994840051318278e+01 6.501394077000018115e+02
5.263242508439631138e+02 -6.355338316874365745e+01 6.362027401285316728e+02
5.389694358608743414e+02 -6.374252052858008000e+01 6.225357959590104429e+02
5.519184273314224356e+02 -6.393222076861426473e+01 6.091624458769574630e+02
5.651785243470133082e+02 -6.412248556399973154e+01 5.960763828771537192e+02
5.787572013631170194e+02 -6.431331659487534580e+01 5.832714354418340008e+02
5.926621124124783364e+02 -6.450471554638015448e+01 5.707415646301328707e+02
6.069010954195355225e+02 -6.469668410866816544e+01 5.584808612300673758e+02
6.214821766185117440e+02 -6.488922397692340382e+01 5.464835429716841873e+02
6.364135750776421219e+02 -6.508233685137484770e+01 5.347439518000901444e+02
6.517037073320964282e+02 -6.527602443731139203e+01 5.232565512070589193e+02
6.673611921282216599e+02 -6.546792053885953067e+01 5.120120350827437505e+02
6.833948552817563495e+02 -6.565765102364773043e+01 5.010047841789983067e+02
6.998137346527643103e+02 -6.584793136028034155e+01 4.902341675028817463e+02
7.166270852401081584e+02 -6.603876314226542377e+01 4.796950978842917266e+02
7.338443843982986436e+02 -6.623014796772902457e+01 4.693825975172732683e+02
7.514753371797029331e+02 -6.642208743942879323e+01 4.592917956088982692e+02
7.695298818050865748e+02 -6.661458316476722530e+01 4.494179260786992813e+02
7.880181952655888153e+02 -6.680763675580519134e+01 4.397563253075586545e+02
8.069506990593007458e+02 -6.700124982927540884e+01 4.303024299349885382e+02
8.263380650656541775e+02 -6.719542400659604198e+01 4.210517747037685581e+02
8.461912215609445411e+02 -6.738574983459086809e+01 4.119790159120289559e+02
8.665213593783971646e+02 -6.757526815125193309e+01 4.030955081530693747e+02
8.873399382162052689e+02 -6.776531947663427502e+01 3.944035555633194576e+02
9.086586930971485572e+02 -6.795590530979245614e+01 3.858990276366932903e+02
9.304896409833893358e+02 -6.814702715399697297e+01 3.775778829332515443e+02
9.528450875501913515e+02 -6.833868651674627870e+01 3.694361671586671036e+02
9.757376341223980489e+02 -6.853088490977857816e+01 3.614700112850996447e+02
9.991801847775454917e+02 -6.872362384908365129e+01 3.536756297125972992e+02
1.023185953619630368e+03 -6.891690485491496077e+01 3.460493184701398377e+02
1.047768472227652637e+03 -6.911037409938904830e+01 3.385865206295185885e+02
1.072941597283091369e+03 -6.929950343612658514e+01 3.312721563082020566e+02
1.098719518380650015e+03 -6.948915034937104451e+01 3.241158016008684513e+02
1.125116766026633741e+03 -6.967931625553632102e+01 3.171140430819630183e+02
1.152148219829535947e+03 -6.987000257491267519e+01 3.102635410649464234e+02
1.179829116887362716e+03 -7.006121073167709312e+01 3.035610280093424649e+02
1.208175060376489228e+03 -7.025294215390402996e+01 2.970033069621918003e+02
1.237202028346868019e+03 -7.044519827357606800e+01 2.905872500331721540e+02
1.266926382728521276e+03 -7.063798052659448956e+01 2.843097969026684950e+02
1.297364878554467623e+03 -7.083129035279021934e+01 2.781679533620596771e+02
1.328534673405185004e+03 -7.102313484538107957e+01 2.721529067723769799e+02
1.360453337080005667e+03 -7.121208534270809309e+01 2.662581028411363491e+02
1.393138861500865460e+03 -7.140153852539978629e+01 2.604909797559315052e+02
1.426609670854001934e+03 -7.159149573080418349e+01 2.548487719627861736e+02
1.460884631975282218e+03 -7.178195829982720966e+01 2.493287738093416976e+02
1.495983064985101009e+03 -7.197292757694215481e+01 2.439283382473874155e+02
1.531924754178728563e+03 -7.216440491019913850e+01 2.386448755635061332e+02
1.568729959178335093e+03 -7.235639165123461680e+01 2.334758521372056919e+02
1.606419426352946175e+03 -7.254888915528108839e+01 2.284187892259522528e+02
1.645014400512736074e+03 -7.274189878117630315e+01 2.234712617765227947e+02
1.684536636884348582e+03 -7.293242512155244128e+01 2.186299195647651743e+02
1.725008413373863277e+03 -7.312197595011893725e+01 2.138929920771274169e+02
1.766452543124418753e+03 -7.331201941987418991e+01 2.092586968461716310e+02
1.808892387375532053e+03 -7.350255681118895268e+01 2.047248101984008599e+02
1.852351868631377329e+03 -7.369358940776173483e+01 2.002891566393593337e+02
1.896855484145398805e+03 -7.388511849662721431e+01 1.959496078097687075e+02
1.942428319728976248e+03 -7.407714536816520479e+01 1.917040814642724911e+02
1.989096063891771792e+03 -7.426967131610916795e+01 1.875505404723157028e+02
2.036885022321844644e+03 -7.446269763755491056e+01 1.834869918406680824e+02
2.085822132713658448e+03 -7.465622563296949465e+01 1.795114857571253140e+02
2.135934979952293816e+03 -7.484513983145015459e+01 1.756116156640860879e+02
2.187251811662556065e+03 -7.503438530187055733e+01 1.717961760180635622e+02
2.239801554131571265e+03 -7.522410927828553895e+01 1.680636328230382617e+02
2.293613828613971691e+03 -7.541431297059449435e+01 1.644121850227165851e+02
2.348718968028825202e+03 -7.560499759175620227e+01 1.608400706915956846e+02
2.405148034057664972e+03 -7.579616435779612971e+01 1.573455661847889928e+02
2.462932834653403006e+03 -7.598781448781463155e+01 1.539269853063142364e+02
2.522105941969811738e+03 -7.617994920399459602e+01 1.505826784954606126e+02
2.582700710721811447e+03 -7.637256973160906171e+01 1.473110320308279313e+02
2.644751296986870329e+03 -7.656418664377618200e+01 1.441075060066633284e+02
2.708292677458118305e+03 -7.675231637656153794e+01 1.409659543011203482e+02
2.773360669159980716e+03 -7.694090837242195846e+01 1.378928885987853050e+02
2.839991949637592370e+03 -7.712996376720737146e+01 1.348868159009506087e+02
2.908224077631164164e+03 -7.731948369955873090e+01 1.319462757563640878e+02
2.978095514247116171e+03 -7.750946931091478120e+01 1.290698395516933488e+02
3.049645644637857913e+03 -7.769992174551902053e+01 1.262561098174556804e+02
3.122914800202373499e+03 -7.789084215042626624e+01 1.235037195490830157e+02
3.197944281320310438e+03 -7.808223167551011556e+01 1.208113315427822698e+02
3.274776380632142263e+03 -7.827409147346943996e+01 1.181776377458780019e+02
3.353454406878706777e+03 -7.846365753699028289e+01 1.155982756838729415e+02
3.434022709313491305e+03 -7.865163370319450564e+01 1.130729819264124814e+02
3.516526702701447903e+03 -7.884006020577319873e+01 1.106028542907968699e+02
3.601012892918345187e+03 -7.902893812360164816e+01 1.081866876495082579e+02
3.687528903165296924e+03 -7.921826853813992386e+01 1.058233032015538271e+02
3.776123500812968359e+03 -7.940805253343883408e+01 1.035115478973524290e+02
3.866846624890796647e+03 -7.959829119614636284e+01 1.012502938761844575e+02
3.959749414236651774e+03 -7.978898561551379487e+01 9.903843791592917967e+01
4.054884236322729521e+03 -7.998013688340182625e+01 9.687490089482622579e+01
4.152304716774159715e+03 -8.017174609428707299e+01 9.475862726499016730e+01
4.252065769596651080e+03 -8.035956770656459014e+01 9.268444743186032042e+01
4.354223628130449470e+03 -8.054722879880284836e+01 9.065509859467951514e+01
4.458835876747964903e+03 -8.073532812990356433e+01 8.867018285082862405e+01
4.565961483312967175e+03 -8.092386672327174324e+01 8.672872732676930241e+01
4.675660832419532198e+03 -8.111284560470232918e+01 8.482978045027051905e+01
4.787995759429762074e+03 -8.130226580238574741e+01 8.297241148400873101e+01
4.903029585329085421e+03 -8.149212834691351759e+01 8.115571006938412779e+01
5.020827152419067716e+03 -8.168243427128388134e+01 7.937878578032294286e+01
5.141454860867759635e+03 -8.187318461090742971e+01 7.764076768684964236e+01
5.264980706138084315e+03 -8.206362387404060144e+01 7.594047039043239522e+01
5.391474317315658482e+03 -8.225099836946681364e+01 7.427589969855706897e+01
5.521006996357259595e+03 -8.243880069393448196e+01 7.264781542260729452e+01
5.653651758282350784e+03 -8.262703182429837057e+01 7.105541780168769606e+01
5.789483372330234488e+03 -8.281569273964389311e+01 6.949792460519348936e+01
5.928578404105905065e+03 -8.300478442129180223e+01 6.797457074855816472e+01
6.071015258738714692e+03 -8.319430785280358975e+01 6.648460791742049025e+01
6.216874225077703159e+03 -8.338426401998648885e+01 6.502730420003261713e+01
6.366237520948865495e+03 -8.357465391089860418e+01 6.360194372772413374e+01
6.519189339499721427e+03 -8.376547851585404203e+01 6.220782632324708317e+01
6.675815896657361918e+03 -8.395427764843238094e+01 6.084208800766027281e+01
6.836205479726557314e+03 -8.414082086385430159e+01 5.950401689995846510e+01
7.000448497155737641e+03 -8.432777857121392628e+01 5.819537335379995113e+01
7.168637529498343611e+03 -8.451515169149658391e+01 5.691551018281812446e+01
7.340867381598688553e+03 -8.470294114773399485e+01 5.566379443390847115e+01
7.517235136031612456e+03 -8.489114786500888954e+01 5.443960707420279732e+01
7.697840207825895050e+03 -8.507977277045935693e+01 5.324234268492907063e+01
7.882784400502731842e+03 -8.526881679328367625e+01 5.207140916200179959e+01
8.072171963460249572e+03 -8.545828086474466545e+01 5.092622742319918672e+01
8.266109650736871117e+03 -8.564816591817455560e+01 4.980623112177946155e+01
8.464706781186467197e+03 -8.583384133026900997e+01 4.870633623214768448e+01
8.668075300099266315e+03 -8.601861417193491377e+01 4.762948525649518672e+01
8.876329842303077385e+03 -8.620378477050513766e+01 4.657644243627948555e+01
9.089587796780895587e+03 -8.638935398222328388e+01 4.554668139572686414e+01
9.307969372840610959e+03 -8.657532266517611674e+01 4.453968739673376120e+01
9.531597667874670151e+03 -8.676169167929766957e+01 4.355495708156860957e+01
9.760598736747684598e+03 -8.694846188637298212e+01 4.259199822126260671e+01
9.995101662850926004e+03 -8.713563415004232127e+01 4.165032946956382176e+01
1.023523863086431447e+04 -8.732320933580511735e+01 4.072948012232966164e+01
1.048114500126617531e+04 -8.751077622740523054e+01 3.982874004421983472e+01
1.073295938663330162e+04 -8.769411795195473758e+01 3.894518206576930197e+01
1.099082372977414161e+04 -8.787784379134599533e+01 3.808122487560423508e+01
1.125488338373920305e+04 -8.806195455032874975e+01 3.723643365121052540e+01
1.152528719375352921e+04 -8.824645103533880786e+01 3.641038321614671958e+01
1.180218758111808165e+04 -8.843133405450149098e+01 3.560265782605528528e+01
1.208574062912645786e+04 -8.861660441763518747e+01 3.481285095942253349e+01
1.237610617104600351e+04 -8.880226293625500489e+01 3.404056511297957144e+01
1.267344788021273234e+04 -8.898831042357619481e+01 3.328541160164201074e+01
1.297793336229055421e+04 -8.917474769451760608e+01 3.254701036288857097e+01
1.328973424974759473e+04 -8.935976301510824271e+01 3.182419905091497014e+01
1.360902629860183333e+04 -8.954224009667386497e+01 3.111619624401272333e+01
1.393598948749135707e+04 -8.972508980551799596e+01 3.042394459470533263e+01
1.427080811912483296e+04 -8.990831290256403463e+01 2.974709368211421534e+01
1.461367092416908054e+04 -9.009191015028926586e+01 2.908530088128280156e+01
1.496477116763318008e+04 -9.027588231272794417e+01 2.843823118973772779e+01
1.532430675780791898e+04 -9.046023015547466173e+01 2.780555705790940735e+01
1.569248035782285478e+04 -9.064495444568719051e+01 2.718695822332492895e+01
1.606949949988352455e+04 -9.083005595209007765e+01 2.658212154848975572e+01
1.645557670225334004e+04 -9.101553544497751602e+01 2.599074086237600056e+01
1.685092958904566694e+04 -9.119774197621977407e+01 2.541081334604107056e+01
1.725578101289464757e+04 -9.137862836925511090e+01 2.484305877779960170e+01
1.767035918057259551e+04 -9.155987354186635230e+01 2.428798956698332390e+01
1.809489778162569564e+04 -9.174147820567566214e+01 2.374532228426904368e+01
1.852963612010030192e+04 -9.192344307371685375e+01 2.321477983300341918e+01
1.897481924943358172e+04 -9.210576886043786260e+01 2.269609130771224770e+01
1.943069811058579580e+04 -9.228845628170383009e+01 2.218899185577019750e+01
1.989752967349044411e+04 -9.247150605479963303e+01 2.169322254216226753e+01
2.037557708190325502e+04 -9.265491889843296747e+01 2.120853021726625087e+01
2.086510980173111238e+04 -9.283869553273706288e+01 2.073466738758961370e+01
2.136640377292478661e+04 -9.301531679160569865e+01 2.026715413438952496e+01
2.187974156502048936e+04 -9.319216780421260182e+01 1.981012367952836684e+01
2.240541253641928415e+04 -9.336935506553354003e+01 1.936339939963808021e+01
2.294371299749235914e+04 -9.354687921488179825e+01 1.892674888735630745e+01
2.349494637760543992e+04 -9.372474089278624376e+01 1.849994497617699807e+01
2.405942339615604942e+04 -9.390294074099345778e+01 1.808276562226743778e+01
2.463746223771950463e+04 -9.408147940247017971e+01 1.767499378895071871e+01
2.522938873140389114e+04 -9.426035752140575141e+01 1.727641733379239852e+01
2.583553653451312130e+04 -9.443957574321429149e+01 1.688682889823416744e+01
2.645624732062307521e+04 -9.461711102204830581e+01 1.650513069898254415e+01
2.709187097217638802e+04 -9.478995514308219583e+01 1.612989201090798375e+01
2.774276577770383301e+04 -9.496311501134039190e+01 1.576318425031270287e+01
2.840929863378517621e+04 -9.513659120362183330e+01 1.540481346938162055e+01
2.909184525186111568e+04 -9.531038429777917997e+01 1.505459012963918752e+01
2.979079037001452161e+04 -9.548449487272068836e+01 1.471232900170439173e+01
3.050652796983971712e+04 -9.565892350841211567e+01 1.437784906732493972e+01
3.123946149852227609e+04 -9.583367078587873777e+01 1.405097342363860413e+01
3.199000409625373504e+04 -9.600873728720721090e+01 1.373152918961138091e+01
3.275857882911134220e+04 -9.618412359554751845e+01 1.341934741460223179e+01
3.354561892753157008e+04 -9.635605936107923242e+01 1.311301005876457637e+01
3.435156803051371389e+04 -9.652566514916864548e+01 1.281281107865647861e+01
3.517688043569056754e+04 -9.669556947710650263e+01 1.251948461883575270e+01
3.602202135540651216e+04 -9.686577287038208794e+01 1.223287334520667002e+01
3.688746717894940230e+04 -9.703627585540984057e+01 1.195282352555690686e+01
3.777370574108121218e+04 -9.720707895953061950e+01 1.167918494709902966e+01
3.868123659702109580e+04 -9.737818271101363621e+01 1.141181083589947853e+01
3.961057130403474002e+04 -9.754958763905791841e+01 1.115055777815216231e+01
4.056223370978936146e+04 -9.772129427379404376e+01 1.089528564325428306e+01
4.153676024763560417e+04 -9.789330314628558938e+01 1.064585750864340596e+01
4.253470023898544605e+04 -9.805821087322340190e+01 1.039974656026382860e+01
4.355661620295323519e+04 -9.822248227884412586e+01 1.015903709251020537e+01
4.460308417343675683e+04 -9.838702887911163941e+01 9.923899015129459045e+00
4.567469402381639520e+04 -9.855185113504403205e+01 9.694203374362583503e+00
4.677204979945440573e+04 -9.871694950843173899e+01 9.469824201176367140e+00
4.789577005818447651e+04 -9.888232446183882018e+01 9.250638442179592857e+00
4.904648821897988091e+04 -9.904797645860421085e+01 9.036525892138586258e+00
5.022485291899942968e+04 -9.921390596284307151e+01 8.827369128054584735e+00
5.143152837921149330e+04 -9.938011343944808118e+01 8.623053444766926035e+00
5.266719477880244813e+04 -9.954543001392534052e+01 8.423207537253873056e+00
5.393254863857947203e+04 -9.970608160402116482e+01 8.226925179903725294e+00
5.522830321358687070e+04 -9.986699246200504376e+01 8.035216705321696296e+00
5.655518889515301998e+04 -1.000281630062968787e+02 7.847975530298480606e+00
5.791395362259780086e+04 -1.001895936559919846e+02 7.665097555287137432e+00
5.930536330483151687e+04 -1.003512848308619567e+02 7.486481106527361540e+00
6.073020225208166812e+04 -1.005132369513559070e+02 7.312026879518536582e+00
6.218927361799462960e+04 -1.006754504386015299e+02 7.141637883809730525e+00
6.368339985235657514e+04 -1.008379257144058698e+02 6.975219389076511511e+00
6.521342316469247453e+04 -1.010006632012570265e+02 6.812678872454176471e+00
6.678020599900327215e+04 -1.011564665325496435e+02 6.652058614037394513e+00
6.838463151990748884e+04 -1.013050995247313324e+02 6.493351018974642841e+00
7.002760411046535592e+04 -1.014539509089459983e+02 6.338429936056788172e+00
7.171004988196064369e+04 -1.016030210060850436e+02 6.187205025094262290e+00
7.343291719593162998e+04 -1.017523101375117847e+02 6.039588101271504250e+00
7.519717719874379691e+04 -1.019018186250613240e+02 5.895493083723150285e+00
7.700382436900625180e+04 -1.020515467910420426e+02 5.754835945337075209e+00
7.885387707813840825e+04 -1.022014949582355996e+02 5.617534663755195723e+00
8.074837816440785537e+04 -1.023516634498979272e+02 5.483509173543060555e+00
8.268839552075644315e+04 -1.025020525897602539e+02 5.352681319500844914e+00
8.467502269675083517e+04 -1.026429627498417148e+02 5.222990499915216134e+00
8.670937951499517658e+04 -1.027815534230854837e+02 5.095941089064624840e+00
8.879261270235168922e+04 -1.029203312243524095e+02 4.971982159193818696e+00
9.092589653633002308e+04 -1.030592964063067569e+02 4.851038534254165313e+00
9.311043350700306473e+04 -1.031984492219536520e+02 4.733036866856835445e+00
9.534745499482717423e+04 -1.033377899246401199e+02 4.617905593790582408e+00
9.763822196474712109e+04 -1.034773187680551700e+02 4.505574892621555527e+00
9.998402567697760242e+04 -1.036170360062303359e+02 4.395976639348822879e+00
1.023861884148595418e+05 -1.037569418935401870e+02 4.289044367090006915e+00
1.048460642302075867e+05 -1.038957677957744323e+02 4.184490693478917223e+00
1.073650397065608413e+05 -1.040227917031327109e+02 4.080437784604856510e+00
1.099445347407731024e+05 -1.041499709110713070e+02 3.978972289262871609e+00
1.125860033433811768e+05 -1.042773056094623030e+02 3.880029867985087755e+00
1.152909344582002086e+05 -1.044047959884095320e+02 3.783547781189852799e+00
1.180608528016146156e+05 -1.045324422382496863e+02 3.689464849398338853e+00
1.208973197220289294e+05 -1.046602445495516776e+02 3.597721414440588461e+00
1.238019340799695929e+05 -1.047882031131178024e+02 3.508259301626134530e+00
1.267763331493316073e+05 -1.049163181199835861e+02 3.421021782855301119e+00
1.298221935402755771e+05 -1.050445897614178250e+02 3.335953540647866866e+00
1.329412321443028341e+05 -1.051642806084288395e+02 3.251680639677778206e+00
1.361352071020314179e+05 -1.052708347155456181e+02 3.167585142299847334e+00
1.394059187942256394e+05 -1.053774967849636397e+02 3.085664536451222517e+00
1.427552108566355018e+05 -1.054842669260720101e+02 3.005862574730891801e+00
1.461849712192181905e+05 -1.055911452483707933e+02 2.928124464417329875e+00
1.496971331703248143e+05 -1.056981318614706282e+02 2.852396829847391402e+00
1.532936764464604494e+05 -1.058052268750936094e+02 2.778627675768035488e+00
1.569766283482201397e+05 -1.059124303990728322e+02 2.706766351635985668e+00
1.607480648830391583e+05 -1.060197425433527059e+02 2.636763516840613164e+00
1.646101119353979011e+05 -1.061271634179891379e+02 2.568571106826232686e+00
1.685649464651385497e+05 -1.062185337300752508e+02 2.500086329001866670e+00
1.726147977345784602e+05 -1.063030060486939732e+02 2.432564712442637056e+00
1.767619485650986608e+05 -1.063875455455381029e+02 2.366866700392533218e+00
1.810087366239260882e+05 -1.064721522740326236e+02 2.302943041462516049e+00
1.853575557418304379e+05 -1.065568262876445687e+02 2.240745814430975980e+00
1.898108572624802764e+05 -1.066415676398839452e+02 2.180228392318941388e+00
1.943711514242140111e+05 -1.067263763843029523e+02 2.121345407435583752e+00
1.990410087750164384e+05 -1.068112525744964216e+02 2.064052717367663714e+00
2.038230616214830079e+05 -1.068961962641021017e+02 2.008307371887622761e+00
2.087200055125998042e+05 -1.069812075067999757e+02 1.954067580755366684e+00
