    0.10000E-03    0.26484E+01
    0.10202E-03    0.26997E+01
    0.10408E-03    0.27520E+01
    0.10618E-03    0.28053E+01
    0.10833E-03    0.28597E+01
    0.11052E-03    0.29151E+01
    0.11275E-03    0.29716E+01
    0.11503E-03    0.30292E+01
    0.11735E-03    0.30879E+01
    0.11972E-03    0.31477E+01
    0.12214E-03    0.32087E+01
    0.12461E-03    0.32709E+01
    0.12712E-03    0.33343E+01
    0.12969E-03    0.33989E+01
    0.13231E-03    0.34648E+01
    0.13499E-03    0.35319E+01
    0.13771E-03    0.36004E+01
    0.14049E-03    0.36701E+01
    0.14333E-03    0.37412E+01
    0.14623E-03    0.38137E+01
    0.14918E-03    0.38876E+01
    0.15220E-03    0.39629E+01
    0.15527E-03    0.40397E+01
    0.15841E-03    0.41180E+01
    0.16161E-03    0.41977E+01
    0.16487E-03    0.42791E+01
    0.16820E-03    0.43620E+01
    0.17160E-03    0.44465E+01
    0.17507E-03    0.45326E+01
    0.17860E-03    0.46204E+01
    0.18221E-03    0.47099E+01
    0.18589E-03    0.48011E+01
    0.18965E-03    0.48941E+01
    0.19348E-03    0.49889E+01
    0.19739E-03    0.50855E+01
    0.20138E-03    0.51840E+01
    0.20544E-03    0.52844E+01
    0.20959E-03    0.53867E+01
    0.21383E-03    0.54910E+01
    0.21815E-03    0.55974E+01
    0.22255E-03    0.57057E+01
    0.22705E-03    0.58162E+01
    0.23164E-03    0.59288E+01
    0.23632E-03    0.60436E+01
    0.24109E-03    0.61606E+01
    0.24596E-03    0.62798E+01
    0.25093E-03    0.64014E+01
    0.25600E-03    0.65253E+01
    0.26117E-03    0.66516E+01
    0.26645E-03    0.67803E+01
    0.27183E-03    0.69115E+01
    0.27732E-03    0.70452E+01
    0.28292E-03    0.71815E+01
    0.28864E-03    0.73205E+01
    0.29447E-03    0.74621E+01
    0.30042E-03    0.76064E+01
    0.30649E-03    0.77535E+01
    0.31268E-03    0.79035E+01
    0.31899E-03    0.80563E+01
    0.32544E-03    0.82121E+01
    0.33201E-03    0.83709E+01
    0.33872E-03    0.85327E+01
    0.34556E-03    0.86976E+01
    0.35254E-03    0.88657E+01
    0.35966E-03    0.90371E+01
    0.36693E-03    0.92117E+01
    0.37434E-03    0.93896E+01
    0.38190E-03    0.95710E+01
    0.38962E-03    0.97559E+01
    0.39749E-03    0.99443E+01
    0.40552E-03    0.10136E+02
    0.41371E-03    0.10332E+02
    0.42207E-03    0.10531E+02
    0.43060E-03    0.10735E+02
    0.43929E-03    0.10942E+02
    0.44817E-03    0.11153E+02
    0.45722E-03    0.11368E+02
    0.46646E-03    0.11587E+02
    0.47588E-03    0.11811E+02
    0.48550E-03    0.12038E+02
    0.49530E-03    0.12270E+02
    0.50531E-03    0.12507E+02
    0.51552E-03    0.12748E+02
    0.52593E-03    0.12993E+02
    0.53656E-03    0.13243E+02
    0.54739E-03    0.13498E+02
    0.55845E-03    0.13758E+02
    0.56973E-03    0.14022E+02
    0.58124E-03    0.14292E+02
    0.59299E-03    0.14567E+02
    0.60496E-03    0.14847E+02
    0.61719E-03    0.15132E+02
    0.62965E-03    0.15422E+02
    0.64237E-03    0.15718E+02
    0.65535E-03    0.16020E+02
    0.66859E-03    0.16327E+02
    0.68210E-03    0.16640E+02
    0.69588E-03    0.16959E+02
    0.70993E-03    0.17284E+02
    0.72427E-03    0.17615E+02
    0.73891E-03    0.17952E+02
    0.75383E-03    0.18295E+02
    0.76906E-03    0.18645E+02
    0.78460E-03    0.19001E+02
    0.80045E-03    0.19364E+02
    0.81662E-03    0.19734E+02
    0.83311E-03    0.20110E+02
    0.84994E-03    0.20493E+02
    0.86711E-03    0.20883E+02
    0.88463E-03    0.21281E+02
    0.90250E-03    0.21686E+02
    0.92073E-03    0.22098E+02
    0.93933E-03    0.22517E+02
    0.95831E-03    0.22945E+02
    0.97767E-03    0.23380E+02
    0.99742E-03    0.23822E+02
    0.10176E-02    0.24273E+02
    0.10381E-02    0.24732E+02
    0.10591E-02    0.25199E+02
    0.10805E-02    0.25675E+02
    0.11023E-02    0.26159E+02
    0.11246E-02    0.26651E+02
    0.11473E-02    0.27152E+02
    0.11705E-02    0.27663E+02
    0.11941E-02    0.28182E+02
    0.12182E-02    0.28710E+02
    0.12429E-02    0.29247E+02
    0.12680E-02    0.29794E+02
    0.12936E-02    0.30350E+02
    0.13197E-02    0.30915E+02
    0.13464E-02    0.31491E+02
    0.13736E-02    0.32076E+02
    0.14013E-02    0.32671E+02
    0.14296E-02    0.33276E+02
    0.14585E-02    0.33891E+02
    0.14880E-02    0.34517E+02
    0.15180E-02    0.35153E+02
    0.15487E-02    0.35799E+02
    0.15800E-02    0.36456E+02
    0.16119E-02    0.37124E+02
    0.16445E-02    0.37803E+02
    0.16777E-02    0.38492E+02
    0.17116E-02    0.39193E+02
    0.17462E-02    0.39905E+02
    0.17814E-02    0.40628E+02
    0.18174E-02    0.41362E+02
    0.18541E-02    0.42108E+02
    0.18916E-02    0.42865E+02
    0.19298E-02    0.43634E+02
    0.19688E-02    0.44415E+02
    0.20086E-02    0.45207E+02
    0.20491E-02    0.46011E+02
    0.20905E-02    0.46827E+02
    0.21328E-02    0.47655E+02
    0.21758E-02    0.48495E+02
    0.22198E-02    0.49347E+02
    0.22646E-02    0.50212E+02
    0.23104E-02    0.51088E+02
    0.23571E-02    0.51977E+02
    0.24047E-02    0.52878E+02
    0.24533E-02    0.53792E+02
    0.25028E-02    0.54717E+02
    0.25534E-02    0.55655E+02
    0.26050E-02    0.56606E+02
    0.26576E-02    0.57569E+02
    0.27113E-02    0.58544E+02
    0.27660E-02    0.59531E+02
    0.28219E-02    0.60532E+02
    0.28789E-02    0.61544E+02
    0.29371E-02    0.62569E+02
    0.29964E-02    0.63606E+02
    0.30569E-02    0.64655E+02
    0.31187E-02    0.65717E+02
    0.31817E-02    0.66791E+02
    0.32460E-02    0.67877E+02
    0.33115E-02    0.68975E+02
    0.33784E-02    0.70085E+02
    0.34467E-02    0.71207E+02
    0.35163E-02    0.72340E+02
    0.35874E-02    0.73486E+02
    0.36598E-02    0.74643E+02
    0.37338E-02    0.75811E+02
    0.38092E-02    0.76991E+02
    0.38861E-02    0.78181E+02
    0.39646E-02    0.79383E+02
    0.40447E-02    0.80595E+02
    0.41264E-02    0.81818E+02
    0.42098E-02    0.83051E+02
    0.42948E-02    0.84294E+02
    0.43816E-02    0.85547E+02
    0.44701E-02    0.86809E+02
    0.45604E-02    0.88080E+02
    0.46525E-02    0.89361E+02
    0.47465E-02    0.90649E+02
    0.48424E-02    0.91946E+02
    0.49402E-02    0.93251E+02
    0.50400E-02    0.94563E+02
    0.51419E-02    0.95882E+02
    0.52457E-02    0.97208E+02
    0.53517E-02    0.98539E+02
    0.54598E-02    0.99876E+02
    0.55701E-02    0.10122E+03
    0.56826E-02    0.10257E+03
    0.57974E-02    0.10392E+03
    0.59145E-02    0.10527E+03
    0.60340E-02    0.10663E+03
    0.61559E-02    0.10799E+03
    0.62803E-02    0.10935E+03
    0.64072E-02    0.11071E+03
    0.65366E-02    0.11207E+03
    0.66686E-02    0.11343E+03
    0.68033E-02    0.11479E+03
    0.69408E-02    0.11615E+03
    0.70810E-02    0.11750E+03
    0.72240E-02    0.11886E+03
    0.73700E-02    0.12020E+03
    0.75189E-02    0.12154E+03
    0.76708E-02    0.12288E+03
    0.78257E-02    0.12420E+03
    0.79838E-02    0.12552E+03
    0.81451E-02    0.12683E+03
    0.83096E-02    0.12813E+03
    0.84775E-02    0.12942E+03
    0.86488E-02    0.13069E+03
    0.88235E-02    0.13195E+03
    0.90017E-02    0.13320E+03
    0.91836E-02    0.13443E+03
    0.93691E-02    0.13564E+03
    0.95583E-02    0.13683E+03
    0.97514E-02    0.13801E+03
    0.99484E-02    0.13916E+03
    0.10149E-01    0.14029E+03
    0.10354E-01    0.14139E+03
    0.10564E-01    0.14247E+03
    0.10777E-01    0.14352E+03
    0.10995E-01    0.14454E+03
    0.11217E-01    0.14554E+03
    0.11443E-01    0.14650E+03
    0.11675E-01    0.14743E+03
    0.11910E-01    0.14832E+03
    0.12151E-01    0.14917E+03
    0.12397E-01    0.14999E+03
    0.12647E-01    0.15077E+03
    0.12902E-01    0.15151E+03
    0.13163E-01    0.15220E+03
    0.13429E-01    0.15285E+03
    0.13700E-01    0.15345E+03
    0.13977E-01    0.15400E+03
    0.14259E-01    0.15451E+03
    0.14547E-01    0.15496E+03
    0.14841E-01    0.15536E+03
    0.15141E-01    0.15570E+03
    0.15447E-01    0.15599E+03
    0.15759E-01    0.15621E+03
    0.16077E-01    0.15638E+03
    0.16402E-01    0.15649E+03
    0.16734E-01    0.15653E+03
    0.17072E-01    0.15651E+03
    0.17416E-01    0.15642E+03
    0.17768E-01    0.15627E+03
    0.18127E-01    0.15604E+03
    0.18493E-01    0.15575E+03
    0.18867E-01    0.15539E+03
    0.19248E-01    0.15495E+03
    0.19637E-01    0.15444E+03
    0.20034E-01    0.15386E+03
    0.20438E-01    0.15321E+03
    0.20851E-01    0.15248E+03
    0.21272E-01    0.15167E+03
    0.21702E-01    0.15080E+03
    0.22141E-01    0.14984E+03
    0.22588E-01    0.14882E+03
    0.23044E-01    0.14772E+03
    0.23510E-01    0.14654E+03
    0.23985E-01    0.14530E+03
    0.24469E-01    0.14399E+03
    0.24964E-01    0.14260E+03
    0.25468E-01    0.14115E+03
    0.25982E-01    0.13964E+03
    0.26507E-01    0.13806E+03
    0.27043E-01    0.13642E+03
    0.27589E-01    0.13473E+03
    0.28146E-01    0.13298E+03
    0.28715E-01    0.13118E+03
    0.29295E-01    0.12933E+03
    0.29887E-01    0.12744E+03
    0.30490E-01    0.12551E+03
    0.31106E-01    0.12355E+03
    0.31735E-01    0.12156E+03
    0.32376E-01    0.11955E+03
    0.33030E-01    0.11751E+03
    0.33697E-01    0.11546E+03
    0.34378E-01    0.11341E+03
    0.35072E-01    0.11135E+03
    0.35781E-01    0.10930E+03
    0.36504E-01    0.10725E+03
    0.37241E-01    0.10522E+03
    0.37993E-01    0.10320E+03
    0.38761E-01    0.10118E+03
    0.39544E-01    0.99201E+02
    0.40343E-01    0.97253E+02
    0.41158E-01    0.95347E+02
    0.41989E-01    0.93489E+02
    0.42838E-01    0.91685E+02
    0.43703E-01    0.89937E+02
    0.44586E-01    0.88251E+02
    0.45486E-01    0.86627E+02
    0.46405E-01    0.85068E+02
    0.47343E-01    0.83574E+02
    0.48299E-01    0.82144E+02
    0.49275E-01    0.80776E+02
    0.50270E-01    0.79469E+02
    0.51286E-01    0.78219E+02
    0.52322E-01    0.77022E+02
    0.53379E-01    0.75873E+02
    0.54457E-01    0.74769E+02
    0.55557E-01    0.73703E+02
    0.56680E-01    0.72671E+02
    0.57825E-01    0.71676E+02
    0.58993E-01    0.70713E+02
    0.60184E-01    0.69861E+02
    0.61400E-01    0.68946E+02
    0.62641E-01    0.68019E+02
    0.63906E-01    0.67079E+02
    0.65197E-01    0.66119E+02
    0.66514E-01    0.65127E+02
    0.67858E-01    0.64095E+02
    0.69229E-01    0.63013E+02
    0.70627E-01    0.61875E+02
    0.72054E-01    0.60674E+02
    0.73510E-01    0.59406E+02
    0.74994E-01    0.58068E+02
    0.76509E-01    0.56663E+02
    0.78055E-01    0.55193E+02
    0.79632E-01    0.53665E+02
    0.81241E-01    0.52086E+02
    0.82882E-01    0.50468E+02
    0.84556E-01    0.48824E+02
    0.86264E-01    0.47165E+02
    0.88007E-01    0.45508E+02
    0.89785E-01    0.43866E+02
    0.91598E-01    0.42254E+02
    0.93449E-01    0.40689E+02
    0.95337E-01    0.39183E+02
    0.97263E-01    0.37753E+02
    0.99227E-01    0.36409E+02
    0.10123E+00    0.35163E+02
    0.10328E+00    0.34022E+02
    0.10536E+00    0.32988E+02
    0.10749E+00    0.32062E+02
    0.10966E+00    0.31238E+02
    0.11188E+00    0.30508E+02
    0.11414E+00    0.29859E+02
    0.11644E+00    0.29277E+02
    0.11880E+00    0.28744E+02
    0.12120E+00    0.28241E+02
    0.12365E+00    0.27750E+02
    0.12614E+00    0.27247E+02
    0.12869E+00    0.26712E+02
    0.13129E+00    0.26125E+02
    0.13394E+00    0.25472E+02
    0.13665E+00    0.24744E+02
    0.13941E+00    0.23945E+02
    0.14223E+00    0.23085E+02
    0.14510E+00    0.22180E+02
    0.14803E+00    0.21253E+02
    0.15102E+00    0.20326E+02
    0.15407E+00    0.19420E+02
    0.15718E+00    0.18554E+02
    0.16036E+00    0.17746E+02
    0.16360E+00    0.17013E+02
    0.16690E+00    0.16366E+02
    0.17028E+00    0.15811E+02
    0.17371E+00    0.15341E+02
    0.17722E+00    0.14944E+02
    0.18080E+00    0.14597E+02
    0.18446E+00    0.14277E+02
    0.18818E+00    0.13961E+02
    0.19198E+00    0.13629E+02
    0.19586E+00    0.13265E+02
    0.19982E+00    0.12858E+02
    0.20386E+00    0.12404E+02
    0.20797E+00    0.11912E+02
    0.21218E+00    0.11395E+02
    0.21646E+00    0.10874E+02
    0.22083E+00    0.10370E+02
    0.22530E+00    0.99036E+01
    0.22985E+00    0.94869E+01
    0.23449E+00    0.91269E+01
    0.23923E+00    0.88210E+01
    0.24406E+00    0.85579E+01
    0.24899E+00    0.83205E+01
    0.25402E+00    0.80897E+01
    0.25915E+00    0.78492E+01
    0.26439E+00    0.75886E+01
    0.26973E+00    0.73050E+01
    0.27518E+00    0.70030E+01
    0.28074E+00    0.66941E+01
    0.28641E+00    0.63928E+01
    0.29219E+00    0.61132E+01
    0.29810E+00    0.58635E+01
    0.30412E+00    0.56443E+01
    0.31026E+00    0.54495E+01
    0.31653E+00    0.52698E+01
    0.32292E+00    0.50942E+01
    0.32945E+00    0.49132E+01
    0.33610E+00    0.47226E+01
    0.34289E+00    0.45257E+01
    0.34982E+00    0.43299E+01
    0.35689E+00    0.41431E+01
    0.36409E+00    0.39712E+01
    0.37145E+00    0.38159E+01
    0.37895E+00    0.36735E+01
    0.38661E+00    0.35383E+01
    0.39442E+00    0.34045E+01
    0.40239E+00    0.32691E+01
    0.41052E+00    0.31329E+01
    0.41881E+00    0.29997E+01
    0.42727E+00    0.28731E+01
    0.43590E+00    0.27553E+01
    0.44471E+00    0.26458E+01
    0.45369E+00    0.25416E+01
    0.46286E+00    0.24398E+01
    0.47221E+00    0.23395E+01
    0.48174E+00    0.22409E+01
    0.49148E+00    0.21460E+01
    0.50141E+00    0.20563E+01
    0.51153E+00    0.19714E+01
    0.52187E+00    0.18906E+01
    0.53241E+00    0.18122E+01
    0.54317E+00    0.17360E+01
    0.55414E+00    0.16621E+01
    0.56533E+00    0.15916E+01
    0.57675E+00    0.15244E+01
    0.58840E+00    0.14602E+01
    0.60029E+00    0.13984E+01
    0.61242E+00    0.13387E+01
    0.62479E+00    0.12813E+01
    0.63741E+00    0.12263E+01
    0.65029E+00    0.11737E+01
    0.66342E+00    0.11234E+01
    0.67683E+00    0.10749E+01
    0.69050E+00    0.10284E+01
    0.70445E+00    0.98378E+00
    0.71868E+00    0.94109E+00
    0.73320E+00    0.90017E+00
    0.74801E+00    0.86089E+00
    0.76312E+00    0.82325E+00
    0.77854E+00    0.78718E+00
    0.79426E+00    0.75262E+00
    0.81031E+00    0.71952E+00
    0.82668E+00    0.68778E+00
    0.84338E+00    0.65738E+00
    0.86041E+00    0.62828E+00
    0.87780E+00    0.60041E+00
    0.89553E+00    0.57371E+00
    0.91362E+00    0.54815E+00
    0.93208E+00    0.52369E+00
    0.95091E+00    0.50028E+00
    0.97011E+00    0.47786E+00
    0.98971E+00    0.45641E+00
    0.10097E+01    0.43589E+00
    0.10301E+01    0.41625E+00
    0.10509E+01    0.39747E+00
    0.10721E+01    0.37949E+00
    0.10938E+01    0.36230E+00
    0.11159E+01    0.34586E+00
    0.11384E+01    0.33013E+00
    0.11614E+01    0.31510E+00
    0.11849E+01    0.30072E+00
    0.12088E+01    0.28698E+00
    0.12333E+01    0.27385E+00
    0.12582E+01    0.26130E+00
    0.12836E+01    0.24930E+00
    0.13095E+01    0.23783E+00
    0.13360E+01    0.22688E+00
    0.13630E+01    0.21641E+00
    0.13905E+01    0.20641E+00
    0.14186E+01    0.19685E+00
    0.14472E+01    0.18773E+00
    0.14765E+01    0.17901E+00
    0.15063E+01    0.17069E+00
    0.15367E+01    0.16274E+00
    0.15678E+01    0.15515E+00
    0.15994E+01    0.14791E+00
    0.16318E+01    0.14099E+00
    0.16647E+01    0.13439E+00
    0.16984E+01    0.12808E+00
    0.17327E+01    0.12207E+00
    0.17677E+01    0.11633E+00
    0.18034E+01    0.11085E+00
    0.18398E+01    0.10562E+00
    0.18770E+01    0.10063E+00
    0.19149E+01    0.95876E-01
    0.19536E+01    0.91338E-01
    0.19930E+01    0.87007E-01
    0.20333E+01    0.82877E-01
    0.20744E+01    0.78939E-01
    0.21163E+01    0.75182E-01
    0.21590E+01    0.71600E-01
    0.22026E+01    0.68184E-01
    0.22471E+01    0.64928E-01
    0.22925E+01    0.61823E-01
    0.23388E+01    0.58863E-01
    0.23861E+01    0.56041E-01
    0.24343E+01    0.53352E-01
    0.24835E+01    0.50788E-01
    0.25336E+01    0.48345E-01
    0.25848E+01    0.46017E-01
    0.26370E+01    0.43798E-01
    0.26903E+01    0.41685E-01
    0.27447E+01    0.39671E-01
    0.28001E+01    0.37752E-01
    0.28567E+01    0.35923E-01
    0.29144E+01    0.34182E-01
    0.29733E+01    0.32523E-01
    0.30333E+01    0.30943E-01
    0.30946E+01    0.29438E-01
    0.31571E+01    0.28005E-01
    0.32209E+01    0.26641E-01
    0.32860E+01    0.25341E-01
    0.33523E+01    0.24104E-01
    0.34201E+01    0.22926E-01
    0.34892E+01    0.21804E-01
    0.35596E+01    0.20736E-01
    0.36316E+01    0.19720E-01
    0.37049E+01    0.18752E-01
    0.37798E+01    0.17831E-01
    0.38561E+01    0.16955E-01
    0.39340E+01    0.16120E-01
    0.40135E+01    0.15326E-01
    0.40946E+01    0.14571E-01
    0.41773E+01    0.13852E-01
    0.42617E+01    0.13168E-01
    0.43478E+01    0.12517E-01
    0.44356E+01    0.11898E-01
    0.45252E+01    0.11308E-01
    0.46166E+01    0.10748E-01
    0.47099E+01    0.10215E-01
    0.48050E+01    0.97077E-02
    0.49021E+01    0.92253E-02
    0.50011E+01    0.87665E-02
    0.51021E+01    0.83302E-02
    0.52052E+01    0.79152E-02
    0.53104E+01    0.75206E-02
    0.54176E+01    0.71454E-02
    0.55271E+01    0.67886E-02
    0.56387E+01    0.64493E-02
    0.57526E+01    0.61268E-02
    0.58689E+01    0.58201E-02
    0.59874E+01    0.55286E-02
    0.61084E+01    0.52514E-02
    0.62318E+01    0.49880E-02
    0.63577E+01    0.47375E-02
    0.64861E+01    0.44995E-02
    0.66171E+01    0.42733E-02
    0.67508E+01    0.40582E-02
    0.68872E+01    0.38539E-02
    0.70263E+01    0.36597E-02
    0.71682E+01    0.34751E-02
    0.73130E+01    0.32997E-02
    0.74608E+01    0.31331E-02
    0.76115E+01    0.29748E-02
    0.77653E+01    0.28243E-02
    0.79221E+01    0.26814E-02
    0.80822E+01    0.25456E-02
    0.82454E+01    0.24166E-02
    0.84120E+01    0.22941E-02
    0.85819E+01    0.21776E-02
    0.87553E+01    0.20671E-02
    0.89322E+01    0.19620E-02
    0.91126E+01    0.18623E-02
    0.92967E+01    0.17675E-02
    0.94845E+01    0.16775E-02
    0.96761E+01    0.15921E-02
    0.98716E+01    0.15109E-02
    0.10071E+02    0.14338E-02
    0.10274E+02    0.13607E-02
    0.10482E+02    0.12912E-02
    0.10694E+02    0.12252E-02
    0.10910E+02    0.11625E-02
    0.11130E+02    0.11031E-02
    0.11355E+02    0.10466E-02
    0.11584E+02    0.99297E-03
    0.11818E+02    0.94207E-03
    0.12057E+02    0.89376E-03
    0.12301E+02    0.84789E-03
    0.12549E+02    0.80435E-03
    0.12803E+02    0.76303E-03
    0.13061E+02    0.72380E-03
    0.13325E+02    0.68657E-03
    0.13594E+02    0.65124E-03
    0.13869E+02    0.61770E-03
    0.14149E+02    0.58588E-03
    0.14435E+02    0.55567E-03
    0.14727E+02    0.52701E-03
    0.15024E+02    0.49981E-03
    0.15328E+02    0.47401E-03
    0.15637E+02    0.44952E-03
    0.15953E+02    0.42628E-03
    0.16275E+02    0.40423E-03
    0.16604E+02    0.38332E-03
    0.16940E+02    0.36347E-03
    0.17282E+02    0.34464E-03
    0.17631E+02    0.32678E-03
    0.17987E+02    0.30984E-03
    0.18351E+02    0.29376E-03
    0.18721E+02    0.27851E-03
    0.19099E+02    0.26405E-03
    0.19485E+02    0.25033E-03
    0.19879E+02    0.23732E-03
    0.20280E+02    0.22497E-03
    0.20690E+02    0.21327E-03
    0.21108E+02    0.20216E-03
    0.21535E+02    0.19163E-03
    0.21970E+02    0.18165E-03
    0.22413E+02    0.17218E-03
    0.22866E+02    0.16320E-03
    0.23328E+02    0.15468E-03
    0.23799E+02    0.14660E-03
    0.24280E+02    0.13894E-03
    0.24771E+02    0.13168E-03
    0.25271E+02    0.12480E-03
    0.25782E+02    0.11827E-03
    0.26302E+02    0.11208E-03
    0.26834E+02    0.10621E-03
    0.27376E+02    0.10065E-03
    0.27929E+02    0.95374E-04
    0.28493E+02    0.90373E-04
    0.29069E+02    0.85633E-04
    0.29656E+02    0.81139E-04
    0.30255E+02    0.76879E-04
    0.30866E+02    0.72841E-04
    0.31490E+02    0.69013E-04
    0.32126E+02    0.65385E-04
    0.32775E+02    0.61946E-04
    0.33437E+02    0.58687E-04
    0.34112E+02    0.55597E-04
    0.34801E+02    0.52669E-04
    0.35504E+02    0.49894E-04
    0.36222E+02    0.47264E-04
    0.36953E+02    0.44772E-04
    0.37700E+02    0.42410E-04
    0.38462E+02    0.40171E-04
    0.39239E+02    0.38050E-04
    0.40031E+02    0.36040E-04
    0.40840E+02    0.34135E-04
    0.41665E+02    0.32331E-04
    0.42507E+02    0.30620E-04
    0.43365E+02    0.29000E-04
    0.44241E+02    0.27465E-04
    0.45135E+02    0.26010E-04
    0.46047E+02    0.24632E-04
    0.46977E+02    0.23326E-04
    0.47926E+02    0.22089E-04
    0.48894E+02    0.20917E-04
    0.49882E+02    0.19807E-04
    0.50890E+02    0.18755E-04
    0.51918E+02    0.17759E-04
    0.52966E+02    0.16815E-04
    0.54036E+02    0.15921E-04
    0.55128E+02    0.15074E-04
    0.56242E+02    0.14271E-04
    0.57378E+02    0.13512E-04
    0.58537E+02    0.12792E-04
    0.59720E+02    0.12110E-04
    0.60926E+02    0.11464E-04
    0.62157E+02    0.10853E-04
    0.63412E+02    0.10274E-04
    0.64693E+02    0.97253E-05
    0.66000E+02    0.92058E-05
    0.67334E+02    0.87138E-05
    0.68694E+02    0.82480E-05
    0.70082E+02    0.78068E-05
    0.71497E+02    0.73890E-05
    0.72942E+02    0.69933E-05
    0.74415E+02    0.66187E-05
    0.75918E+02    0.62640E-05
    0.77452E+02    0.59281E-05
    0.79017E+02    0.56101E-05
    0.80613E+02    0.53089E-05
    0.82241E+02    0.50238E-05
    0.83903E+02    0.47539E-05
    0.85598E+02    0.44983E-05
    0.87327E+02    0.42563E-05
    0.89091E+02    0.40273E-05
    0.90891E+02    0.38104E-05
    0.92727E+02    0.36051E-05
    0.94600E+02    0.34107E-05
    0.96511E+02    0.32268E-05
    0.98461E+02    0.30526E-05
    0.10045E+03    0.28877E-05
    0.10248E+03    0.27317E-05
    0.10455E+03    0.25840E-05
    0.10666E+03    0.24442E-05
    0.10882E+03    0.23118E-05
    0.11101E+03    0.21866E-05
    0.11326E+03    0.20681E-05
    0.11554E+03    0.19559E-05
    0.11788E+03    0.18497E-05
    0.12026E+03    0.17492E-05
    0.12269E+03    0.16541E-05
    0.12517E+03    0.15641E-05
    0.12770E+03    0.14790E-05
    0.13028E+03    0.13984E-05
    0.13291E+03    0.13221E-05
    0.13559E+03    0.12500E-05
    0.13833E+03    0.11817E-05
    0.14113E+03    0.11171E-05
    0.14398E+03    0.10560E-05
    0.14689E+03    0.99816E-06
    0.14985E+03    0.94345E-06
    0.15288E+03    0.89170E-06
    0.15597E+03    0.84273E-06
    0.15912E+03    0.79641E-06
    0.16233E+03    0.75260E-06
    0.16561E+03    0.71115E-06
    0.16896E+03    0.67195E-06
    0.17237E+03    0.63486E-06
    0.17585E+03    0.59979E-06
    0.17941E+03    0.56661E-06
    0.18303E+03    0.53524E-06
    0.18673E+03    0.50557E-06
    0.19050E+03    0.47751E-06
    0.19435E+03    0.45097E-06
    0.19828E+03    0.42588E-06
