1.042308296273000520e-05 -9.021984771914000056e-01 2.934554475344998692e-01
1.067350247014377646e-05 -9.021984771914928203e-01 3.005058537226290571e-01
1.092993842489058209e-05 -9.021984771915856349e-01 3.077256492604365512e-01
1.119253537496868444e-05 -9.021984771916783385e-01 3.151189038073189952e-01
1.146144134121041316e-05 -9.021984771917711532e-01 3.226897847981659018e-01
1.173680790071882718e-05 -9.021984771918639678e-01 3.304425597924675051e-01
1.201879027230864641e-05 -9.021984771919567825e-01 3.383815988798512531e-01
1.230754740400016762e-05 -9.021984771920494861e-01 3.465113771434183976e-01
1.260324206261527054e-05 -9.021984771921423008e-01 3.548364771822646868e-01
1.290604092552578711e-05 -9.021984771922351154e-01 3.633615916945985846e-01
1.321611467460638925e-05 -9.021984771923434732e-01 3.720915261228920357e-01
1.353363809244475160e-05 -9.021984771924878022e-01 3.810312013626380723e-01
1.385879016086293183e-05 -9.021984771926321311e-01 3.901856565363013840e-01
1.419175416180618930e-05 -9.021984771927765712e-01 3.995600518335745144e-01
1.453271778065529043e-05 -9.021984771929209002e-01 4.091596714201504725e-01
1.488187321202120505e-05 -9.021984771930652292e-01 4.189899264163069459e-01
1.523941726808160454e-05 -9.021984771932096692e-01 4.290563579470529909e-01
1.560555148951989763e-05 -9.021984771933539982e-01 4.393646402655492222e-01
1.598048225912992114e-05 -9.021984771934983272e-01 4.499205839515773575e-01
1.636442091815001995e-05 -9.021984771936427672e-01 4.607301391868546259e-01
1.675758388539181728e-05 -9.021984771938430514e-01 4.717993991090365657e-01
1.716019277923157521e-05 -9.021984771940801950e-01 4.831346032462933704e-01
1.757247454253195879e-05 -9.021984771943173387e-01 4.947421410344109427e-01
1.799466157056544785e-05 -9.021984771945543713e-01 5.066285554184021267e-01
1.842699184201118399e-05 -9.021984771947916260e-01 5.188005465406374528e-01
1.886970905309873488e-05 -9.021984771950286586e-01 5.312649755175794519e-01
1.932306275497506273e-05 -9.021984771952658022e-01 5.440288683072653786e-01
1.978730849437181099e-05 -9.021984771955029458e-01 5.570994196697067746e-01
2.026270795765178163e-05 -9.021984771957400895e-01 5.704839972224294842e-01
2.074952911831682260e-05 -9.021984771959772331e-01 5.841901455934663812e-01
2.124804638805902023e-05 -9.021984771963449390e-01 5.982255906740358009e-01
2.175854077144139724e-05 -9.021984771967264116e-01 6.125982439736931129e-01
2.228130002429489675e-05 -9.021984771971079953e-01 6.273162070797064782e-01
2.281661881592048210e-05 -9.021984771974894679e-01 6.423877762238046074e-01
2.336479889518889620e-05 -9.021984771978709405e-01 6.578214469586197710e-01
2.392614926063034233e-05 -9.021984771982524132e-01 6.736259189464584018e-01
2.450098633461114306e-05 -9.021984771986339968e-01 6.898101008631359887e-01
2.508963414169506715e-05 -9.021984771990154695e-01 7.063831154196305029e-01
2.569242449128942340e-05 -9.021984771993969421e-01 7.233543045043699937e-01
2.630969716467975765e-05 -9.021984771998251551e-01 7.407332344490588083e-01
2.694180010655818823e-05 -9.021984772004334463e-01 7.585297014210189426e-01
2.758908962115271262e-05 -9.021984772010417375e-01 7.767537369452640617e-01
2.825193057306947991e-05 -9.021984772016501397e-01 7.954156135588800192e-01
2.893069659295953604e-05 -9.021984772022584309e-01 8.145258506015187194e-01
2.962577028812735900e-05 -9.021984772028667221e-01 8.340952201449521874e-01
3.033754345819941311e-05 -9.021984772034750133e-01 8.541347530650863495e-01
3.106641731597360403e-05 -9.021984772040834155e-01 8.746557452598413551e-01
3.181280271357568991e-05 -9.021984772046917067e-01 8.956697640164444918e-01
3.257712037404823660e-05 -9.021984772052999979e-01 9.171886545316750849e-01
3.335980112850428465e-05 -9.021984772060861468e-01 9.392245465886467359e-01
3.416128615897873574e-05 -9.021984772070450465e-01 9.617898613943944852e-01
3.498202724711372950e-05 -9.021984772080039461e-01 9.848973185814631215e-01
3.582248702881943113e-05 -9.021984772089628457e-01 1.008559943377468793e+00
3.668313925505322937e-05 -9.021984772099217453e-01 1.032791073947299632e+00
3.756446905886344110e-05 -9.021984772108806450e-01 1.057604368911567949e+00
3.846697322885006299e-05 -9.021984772118395446e-01 1.083013815045726469e+00
3.939116048919441272e-05 -9.021984772127984442e-01 1.109033735164130619e+00
4.033755178641731541e-05 -9.021984772137573438e-01 1.135678796193536622e+00
4.130668058302686618e-05 -9.021984772147162435e-01 1.162964017440574427e+00
4.229909315822039161e-05 -9.021984772161335542e-01 1.190904779057456286e+00
4.331534891581213077e-05 -9.021984772176595557e-01 1.219516830712485289e+00
4.435602069955779067e-05 -9.021984772191855573e-01 1.248816300467018081e+00
4.542169511605576406e-05 -9.021984772207115588e-01 1.278819703866642232e+00
4.651297286540622702e-05 -9.021984772222375604e-01 1.309543953250761783e+00
4.763046907981363030e-05 -9.021984772237635619e-01 1.341006367285741074e+00
4.877481367032513186e-05 -9.021984772252895635e-01 1.373224680727111346e+00
4.994665168189959837e-05 -9.021984772268155650e-01 1.406217054416317058e+00
5.114664365700639795e-05 -9.021984772283415666e-01 1.440002085517616104e+00
5.237546600796074147e-05 -9.021984772299648236e-01 1.474598818000846245e+00
5.363381139820455905e-05 -9.021984772323775603e-01 1.510026753375590669e+00
5.492238913274678438e-05 -9.021984772347902970e-01 1.546305861686045002e+00
5.624192555798574183e-05 -9.021984772372030337e-01 1.583456592765344118e+00
5.759316447113585035e-05 -9.021984772396156593e-01 1.621499887763544256e+00
5.897686753949205957e-05 -9.021984772420283960e-01 1.660457190951755591e+00
6.039381472976737092e-05 -9.021984772444411327e-01 1.700350461809873481e+00
6.184480474774419118e-05 -9.021984772468538694e-01 1.741202187404690349e+00
6.333065548849034173e-05 -9.021984772492666060e-01 1.783035395065447615e+00
6.485220449738981498e-05 -9.021984772516792317e-01 1.825873665363874299e+00
6.641030944225138693e-05 -9.021984772546770559e-01 1.869741145405280802e+00
6.800584859675973942e-05 -9.021984772585126544e-01 1.914662562441058924e+00
6.963972133554061712e-05 -9.021984772623482529e-01 1.960663237808109693e+00
7.131284864112133568e-05 -9.021984772661838514e-01 2.007769101199268214e+00
7.302617362307129844e-05 -9.021984772700194499e-01 2.056006705280538860e+00
7.478066204961362996e-05 -9.021984772738550484e-01 2.105403240658293651e+00
7.657730289201128610e-05 -9.021984772776906469e-01 2.155986551206122925e+00
7.841710888202998401e-05 -9.021984772815262454e-01 2.207785149759863508e+00
8.030111708279604333e-05 -9.021984772853618439e-01 2.260828234189743213e+00
8.223038947336927659e-05 -9.021984772891974425e-01 2.315145703858671578e+00
8.420601354735902163e-05 -9.021984772946861630e-01 2.370768176473150746e+00
8.622910292592459607e-05 -9.021984773008416836e-01 2.427727005348909728e+00
8.830079798550085712e-05 -9.021984773069972041e-01 2.486054297079490993e+00
9.042226650060691091e-05 -9.021984773131527247e-01 2.545782929633449765e+00
9.259470430209860417e-05 -9.021984773193082452e-01 2.606946570888131642e+00
9.481933595123419952e-05 -9.021984773254637657e-01 2.669579697607574076e+00
9.709741542993649967e-05 -9.021984773316192863e-01 2.733717614876407076e+00
9.943022684763879262e-05 -9.021984773377748068e-01 2.799396476000666212e+00
1.018190851651113544e-04 -9.021984773439303273e-01 2.866653302886676968e+00
1.042653369356804385e-04 -9.021984773501373622e-01 2.935526006909529695e+00
1.067703610642541069e-04 -9.021984773599840413e-01 3.006053410276791293e+00
1.093355695845838263e-04 -9.021984773698308313e-01 3.078275267930611125e+00
1.119624084552018408e-04 -9.021984773796776214e-01 3.152232289938182941e+00
1.146523583744785162e-04 -9.021984773895244114e-01 3.227966164445335018e+00
1.174069356152647410e-04 -9.021984773993712015e-01 3.305519581175366373e+00
1.202276928795851407e-04 -9.021984774092178805e-01 3.384936255492407398e+00
1.231162201738658928e-04 -9.021984774190646705e-01 3.466260953042916704e+00
1.260741457051914555e-04 -9.021984774289114606e-01 3.549539514989231925e+00
1.291031367990929822e-04 -9.021984774387582506e-01 3.634818883849340931e+00
1.322049008393871318e-04 -9.021984774503445381e-01 3.722147129952142031e+00
1.353811862305967907e-04 -9.021984774657074713e-01 3.811573478537678916e+00
1.386337833834910642e-04 -9.021984774810705154e-01 3.903148337523832279e+00
1.419645257243067646e-04 -9.021984774964335596e-01 3.996923325891080570e+00
1.453752907282148820e-04 -9.021984775117966038e-01 4.092951302790369894e+00
1.488680009776164508e-04 -9.021984775271596479e-01 4.191286397338776837e+00
1.524446252458668330e-04 -9.021984775425226921e-01 4.291984039131097717e+00
1.561071796070331592e-04 -9.021984775578857363e-01 4.395100989484378218e+00
1.598577285723179389e-04 -9.021984775732487805e-01 4.500695373433221569e+00
1.636983862537836948e-04 -9.021984775886118246e-01 4.608826712493729438e+00
1.676313175560366234e-04 -9.021984776094117420e-01 4.719555958195574163e+00
1.716587393965423539e-04 -9.021984776335905121e-01 4.832945526483338305e+00
1.757829219552592935e-04 -9.021984776577691711e-01 4.949059332879603090e+00
1.800061899542943703e-04 -9.021984776819479412e-01 5.067962828495804040e+00
1.843309239683060461e-04 -9.021984777061267113e-01 5.189723036937387235e+00
1.887595617663857014e-04 -9.021984777303053704e-01 5.314408592083634808e+00
1.932945996861831675e-04 -9.021984777544841405e-01 5.442089776775328680e+00
1.979385940410431774e-04 -9.021984777786629106e-01 5.572838562431800646e+00
2.026941625609494371e-04 -9.021984778028415697e-01 5.706728649619821958e+00
2.075639858680895214e-04 -9.021984778270203398e-01 5.843835509597218980e+00
2.125508089878694134e-04 -9.021984778641493063e-01 5.984236426797171937e+00
2.176574428962303037e-04 -9.021984779024332379e-01 6.128010542556106444e+00
2.228867661041440923e-04 -9.021984779407170585e-01 6.275238899572918250e+00
2.282417262801711617e-04 -9.021984779790008790e-01 6.426004487630588180e+00
2.337253419120068748e-04 -9.021984780172846996e-01 6.580392290380977727e+00
2.393407040079437609e-04 -9.021984780555686312e-01 6.738489333248462998e+00
2.450909778392124333e-04 -9.021984780938524517e-01 6.900384732484440065e+00
2.509794047241865346e-04 -9.021984781321362723e-01 7.066169745400526558e+00
2.570093038554477935e-04 -9.021984781704202039e-01 7.235937821808443360e+00
2.631840741707535433e-04 -9.021984782136178715e-01 7.409784656669240022e+00
2.695071962689515508e-04 -9.021984782742863418e-01 7.587808244016293280e+00
2.759822343719253788e-04 -9.021984783349549231e-01 7.770108932402082225e+00
2.826128383336791797e-04 -9.021984783956233933e-01 7.956789481205685632e+00
2.894027456976891086e-04 -9.021984784562919746e-01 8.147955118648955164e+00
2.963557838036834065e-04 -9.021984785169604448e-01 8.343713601111597100e+00
3.034758719450429058e-04 -9.021984785776289151e-01 8.544175273871459808e+00
3.107670235780271052e-04 -9.021984786382974963e-01 8.749453133303918051e+00
3.182333485840852763e-04 -9.021984786989659666e-01 8.959662890575833316e+00
3.258790555865159690e-04 -9.021984787596345479e-01 9.174923036869687465e+00
3.337084543227860408e-04 -9.021984788387954479e-01 9.395354910047160502e+00
3.417259580738480924e-04 -9.021984789349638545e-01 9.621082763301515683e+00
3.499360861518211016e-04 -9.021984790311323721e-01 9.852233835180689070e+00
3.583434664474377572e-04 -9.021984791273007787e-01 1.008893842108163597e+01
3.669528380387012930e-04 -9.021984792234692963e-01 1.033132994681004924e+01
3.757690538622069309e-04 -9.021984793196377028e-01 1.057954504378973049e+01
3.847970834486529718e-04 -9.021984794158062204e-01 1.083372362607921957e+01
3.940420157240676026e-04 -9.021984795119746270e-01 1.109400896923862057e+01
4.035090618783367393e-04 -9.021984796081431446e-01 1.136054779109118940e+01
4.132035583026556877e-04 -9.021984797043115512e-01 1.163349033442548119e+01
4.231309695975439870e-04 -9.021984798467224120e-01 1.191299045127909473e+01
4.332968916531398929e-04 -9.021984799991258352e-01 1.219920569076853845e+01
4.437070548034941528e-04 -9.021984801515291474e-01 1.249229738698403125e+01
4.543673270566469646e-04 -9.021984803039324596e-01 1.279243075005619623e+01
4.652837174023139702e-04 -9.021984804563358828e-01 1.309977495936733050e+01
4.764623791990360829e-04 -9.021984806087391950e-01 1.341450325891453943e+01
4.879096136427072523e-04 -9.021984807611425072e-01 1.373679305496400715e+01
4.996318733184422489e-04 -9.021984809135459304e-01 1.406682601605157856e+01
5.116357658377670937e-04 -9.021984810659492426e-01 1.440478817538565082e+01
5.239280575632085423e-04 -9.021984812293801781e-01 1.475087003559125520e+01
5.365156774223588717e-04 -9.021984814709304024e-01 1.510526667557904013e+01
5.494057208135779769e-04 -9.021984817124806266e-01 1.546817786271769357e+01
5.626054536055351708e-04 -9.021984819540307399e-01 1.583980816303581385e+01
5.761223162328376430e-04 -9.021984821955809641e-01 1.622036705735772699e+01
5.899639278900576387e-04 -9.021984824371311884e-01 1.661006905938375411e+01
6.041380908265316747e-04 -9.021984826786813016e-01 1.700913383660756750e+01
6.186527947443295084e-04 -9.021984829202315259e-01 1.741778633413832367e+01
6.335162213019018091e-04 -9.021984831617817502e-01 1.783625690149804655e+01
6.487367487259205817e-04 -9.021984834033318634e-01 1.826478142246515546e+01
6.643229565339212571e-04 -9.021984837049388251e-01 1.870360144721219342e+01
6.802836303704184670e-04 -9.021984840877670386e-01 1.915296432975696916e+01
6.966277669591945144e-04 -9.021984844705952522e-01 1.961312336836710912e+01
7.133645791745869477e-04 -9.021984848534234658e-01 2.008433794580502862e+01
7.305035012346050051e-04 -9.021984852362516794e-01 2.056687367662684096e+01
7.480541940188138771e-04 -9.021984856190800039e-01 2.106100255690408218e+01
7.660265505139906769e-04 -9.021984860019082175e-01 2.156700311754282140e+01
7.844307013906080513e-04 -9.021984863847364311e-01 2.208516058128602921e+01
8.032770207132940632e-04 -9.021984867675646447e-01 2.261576702348805412e+01
8.225761317885010035e-04 -9.021984871503928582e-01 2.315912153675215635e+01
8.423389131526473400e-04 -9.021984876958959454e-01 2.371553039668682317e+01
8.625765047041471711e-04 -9.021984883026429314e-01 2.428530724182773071e+01
8.833003139827531576e-04 -9.021984889093899174e-01 2.486877324541581302e+01
9.045220225997633668e-04 -9.021984895161369034e-01 2.546625729596343035e+01
9.262535928227258420e-04 -9.021984901228840004e-01 2.607809618368518656e+01
9.485072743183347753e-04 -9.021984907296309864e-01 2.670463479034008003e+01
9.712956110573279503e-04 -9.021984913363779723e-01 2.734622628363447916e+01
9.946314483852912967e-04 -9.021984919431249583e-01 2.800323231629635501e+01
1.018527940263318134e-03 -9.021984925498719443e-01 2.867602322993140973e+01
1.042998556682654893e-03 -9.021984931665146812e-01 2.936497826356472984e+01
1.068057091257469757e-03 -9.021984941281373516e-01 3.007048576042862820e+01
1.093717669000048194e-03 -9.021984950897601330e-01 3.079294340871661717e+01
1.119994754282786862e-03 -9.021984960513829144e-01 3.153275844383655269e+01
1.146903158991486541e-03 -9.021984970130055848e-01 3.229034788521979493e+01
1.174458050874521795e-03 -9.021984979746283662e-01 3.306613877138681090e+01
1.202674962092611238e-03 -9.021984989362511476e-01 3.386056840066058982e+01
1.231569797973991421e-03 -9.021984998978739290e-01 3.467408457766318008e+01
1.261158845979950226e-03 -9.021985008594965993e-01 3.550714586573459286e+01
1.291458784885750246e-03 -9.021985018211193808e-01 3.636022184541607061e+01
1.322486694182134622e-03 -9.021985029679457924e-01 3.723379337407416756e+01
1.354260063702701026e-03 -9.021985044920205477e-01 3.812835286134392021e+01
1.386796803482591477e-03 -9.021985060160951919e-01 3.904440456317867358e+01
1.420115253854028082e-03 -9.021985075401699472e-01 3.998246484019331604e+01
1.454234195784406911e-03 -9.021985090642447025e-01 4.094306245881065820e+01
1.489172861462761347e-03 -9.021985105883194578e-01 4.192673888931665260e+01
1.524950945140584029e-03 -9.021985121123941020e-01 4.293404861107697457e+01
1.561588614233091294e-03 -9.021985136364688573e-01 4.396555942508612702e+01
1.599106520687208072e-03 -9.021985151605436126e-01 4.502185277402596597e+01
1.637525812622665907e-03 -9.021985166846183679e-01 4.610352407001349917e+01
1.676868146252799346e-03 -9.021985187708857490e-01 4.721118301073078527e+01
1.717155698091728895e-03 -9.021985211863773335e-01 4.834545396896255909e+01
1.758411177454836070e-03 -9.021985236018688070e-01 4.950697632240711243e+01
1.800657839259567003e-03 -9.021985260173602805e-01 5.069640479869870120e+01
1.843919497133774321e-03 -9.021985284328517540e-01 5.191440985561195731e+01
1.888220536839009794e-03 -9.021985308483433386e-01 5.316167805898610510e+01
1.933585930016300768e-03 -9.021985332638348121e-01 5.443891246972877695e+01
1.980041248262185208e-03 -9.021985356793263966e-01 5.574683304011787754e+01
2.027612677542919590e-03 -9.021985380948179811e-01 5.708617701962436541e+01
2.076327032955015660e-03 -9.021985405103094546e-01 5.845769937048603992e+01
2.126211773840382211e-03 -9.021985442426267987e-01 5.986217313535667017e+01
2.177295019264633390e-03 -9.021985480709192595e-01 6.130039003970770750e+01
2.229605563867251890e-03 -9.021985518992117203e-01 6.277316078257843657e+01
2.283172894092586405e-03 -9.021985557275042922e-01 6.428131553621403782e+01
2.338027204810780649e-03 -9.021985595557967530e-01 6.582570441813879825e+01
2.394199416338046570e-03 -9.021985633840893248e-01 6.740719797035107774e+01
2.451721191865836175e-03 -9.021985672123818967e-01 6.902668765003048179e+01
2.510624955308788601e-03 -9.021985710406744685e-01 7.068508633203543923e+01
2.570943909581454873e-03 -9.021985748689670404e-01 7.238332882347278030e+01
2.632712055314144484e-03 -9.021985792200242216e-01 7.412237236216817848e+01
2.695964210018413597e-03 -9.021985852875042955e-01 7.590319714458047429e+01
2.760736027713042110e-03 -9.021985913549845915e-01 7.772680707815008816e+01
2.827064019021502481e-03 -9.021985974224648874e-01 7.959423009621308154e+01
2.894985571752298377e-03 -9.021986034899451834e-01 8.150651882868635312e+01
2.964538971973752855e-03 -9.021986095574255904e-01 8.346475119541466370e+01
3.035763425595113755e-03 -9.021986156249058864e-01 8.547003101377264045e+01
3.108699080466186589e-03 -9.021986216923864044e-01 8.752348862086567749e+01
3.183387049007890390e-03 -9.021986277598668114e-01 8.962628151067841031e+01
3.259869431386542248e-03 -9.021986338273473294e-01 9.177959498653184767e+01
3.338189339244896151e-03 -9.021986417929290791e-01 9.398464269817273475e+01
3.418390920003360704e-03 -9.021986514092181775e-01 9.624266759608873656e+01
3.500519381745038905e-03 -9.021986610255072758e-01 9.855494259586433259e+01
3.584621018698655546e-03 -9.021986706417965962e-01 1.009227710815120389e+02
3.670743237333708425e-03 -9.021986802580859166e-01 1.033474877514532864e+02
3.758934583082598931e-03 -9.021986898743753480e-01 1.058304593708623145e+02
3.849244767704744757e-03 -9.021986994906648905e-01 1.083730855420840271e+02
3.941724697308143267e-03 -9.021987091069545439e-01 1.109767994935631918e+02
4.036426501044148088e-03 -9.021987187232443084e-01 1.136430688877263577e+02
4.133403560491689423e-03 -9.021987283395341839e-01 1.163733966482751470e+02
4.232710539747421875e-03 -9.021987426592679160e-01 1.191693213956174873e+02
4.334403416238831290e-03 -9.021987579000040336e-01 1.220324194472551795e+02
4.438539512277613584e-03 -9.021987731407403732e-01 1.249643047535089124e+02
4.545177527371177181e-03 -9.021987883814770459e-01 1.279666299599790165e+02
4.654377571310409044e-03 -9.021988036222139407e-01 1.310410874178403162e+02
4.766201198052407231e-03 -9.021988188629511685e-01 1.341894101377871777e+02
4.880711440417261938e-03 -9.021988341036885073e-01 1.374133727668973677e+02
4.997972845618422338e-03 -9.021988493444261792e-01 1.407147925889649400e+02
5.118051511646739930e-03 -9.021988645851641841e-01 1.440955305488678562e+02
5.241015124528617362e-03 -9.021988810528912550e-01 1.475574921685482082e+02
5.366932996479318804e-03 -9.021989052078244198e-01 1.511026281605348629e+02
5.495876104972909938e-03 -9.021989293627581397e-01 1.547329376602638433e+02
5.627917132750922743e-03 -9.021989535176925257e-01 1.584504670000727629e+02
5.763130508792190659e-03 -9.021989776726275778e-01 1.622573116763660437e+02
5.901592450267038707e-03 -9.021990018275632961e-01 1.661556175308043350e+02
6.043381005499410402e-03 -9.021990259824996805e-01 1.701475819598714452e+02
6.188576097961232328e-03 -9.021990501374366200e-01 1.742354551535037217e+02
6.337259571323715368e-03 -9.021990742923743367e-01 1.784215413634760807e+02
6.489515235591058334e-03 -9.021990984473126085e-01 1.827082002022620202e+02
6.645428914342508923e-03 -9.021991288050026370e-01 1.870978471206095151e+02
6.805088493109493278e-03 -9.021991670879732084e-01 1.915929561706721245e+02
6.968583968914971241e-03 -9.021992053709453341e-01 1.961960622163331323e+02
7.136007501003035700e-03 -9.021992436539191251e-01 2.009097599334788242e+02
7.307453462787266187e-03 -9.021992819368944705e-01 2.057367063362383988e+02
7.483018495047247254e-03 -9.021993202198714812e-01 2.106796222746881710e+02
7.662801560403081913e-03 -9.021993585028501572e-01 2.157412939685382582e+02
7.846903999098717511e-03 -9.021993967858303876e-01 2.209245745776680963e+02
8.035429586125492074e-03 -9.021994350688122832e-01 2.262323858103926568e+02
8.228484589718062028e-03 -9.021994733517957332e-01 2.316677195703688312e+02
8.426177831255803746e-03 -9.021995282141308525e-01 2.372336367538271702e+02
8.628620746603293118e-03 -9.021995888885485648e-01 2.429332764682739594e+02
8.835927448924569758e-03 -9.021996495629703849e-01 2.487698524676383443e+02
9.048214793006484000e-03 -9.021997102373962019e-01 2.547466547048056782e+02
9.265602441127543734e-03 -9.021997709118261266e-01 2.608670521751888032e+02
9.488212930509196813e-03 -9.021998315862601592e-01 2.671344948157585577e+02
9.716171742387706006e-03 -9.021998922606982996e-01 2.735525154496983760e+02
9.949607372745476047e-03 -9.021999529351405478e-01 2.801247317777806529e+02
1.018865140474180600e-02 -9.022000136095867928e-01 2.868548484175899489e+02
1.043343858288374101e-02 -9.022000757683968919e-01 2.937466586714410255e+02
1.068410688897896907e-02 -9.022001719308344603e-01 3.008040400967357755e+02
1.094079761991346468e-02 -9.022002680932823537e-01 3.080309779445861409e+02
1.120365546729787908e-02 -9.022003642557404612e-01 3.154315458761281548e+02
1.147282859902735638e-02 -9.022004604182088938e-01 3.230099154238411074e+02
1.174846874280095592e-02 -9.022005565806875405e-01 3.307703583429484979e+02
1.203073127164756319e-02 -9.022006527431764011e-01 3.387172490193072463e+02
1.231977529150674912e-02 -9.022007489056754759e-01 3.468550669351509441e+02
1.261576373091367019e-02 -9.022008450681848757e-01 3.551883991940733267e+02
1.291886343283874319e-02 -9.022009412307044895e-01 3.637219431066738480e+02
1.322924524873382753e-02 -9.022010566975900980e-01 3.724605035565794537e+02
1.354708413483783278e-02 -9.022012091047644233e-01 3.814090009534480146e+02
1.387255925079625835e-02 -9.022013615119645058e-01 3.905724892148439267e+02
1.420585406064997155e-02 -9.022015139191904565e-01 3.999561335735177749e+02
1.454715643625037816e-02 -9.022016663264420533e-01 4.095652233587940714e+02
1.489665876315909333e-02 -9.022018187337194073e-01 4.194051749780329033e+02
1.525455804909206167e-02 -9.022019711410225185e-01 4.294815349697285001e+02
1.562105603496894562e-02 -9.022021235483513868e-01 4.397999831299531479e+02
1.599635930863062272e-02 -9.022022759557060123e-01 4.503663357139220125e+02
1.638067942128869012e-02 -9.022024283630862840e-01 4.611865487144697227e+02
1.677423300677290466e-02 -9.022026382325242233e-01 4.722667012846303010e+02
1.717724190364341985e-02 -9.022028797815371259e-01 4.836130467674055353e+02
1.758993328023694333e-02 -9.022031213306146435e-01 4.952319915155207468e+02
1.801253976271706761e-02 -9.022033628797567761e-01 5.071300848059713644e+02
1.844529956620124742e-02 -9.022036044289636347e-01 5.193140332640476799e+02
1.888845662903801403e-02 -9.022038459782351083e-01 5.317907046436715746e+02
1.934226075031032083e-02 -9.022040875275713079e-01 5.445671316985599333e+02
1.980696773064241981e-02 -9.022043290769721224e-01 5.576505161463910554e+02
2.028283951638982369e-02 -9.022045706264376630e-01 5.710482327282160213e+02
2.077014434729336154e-02 -9.022048121759678185e-01 5.847678333653946083e+02
2.126915690768073006e-02 -9.022051873756337104e-01 5.988169926258618716e+02
2.178015848130080215e-02 -9.022055702030218338e-01 6.132036821940656637e+02
2.230343710987773426e-02 -9.022059530305726049e-01 6.279360146536367893e+02
2.283928775547467566e-02 -9.022063358582856907e-01 6.430222941392967186e+02
2.338801246675808673e-02 -9.022067186861612020e-01 6.584710242941470142e+02
2.394992054925680625e-02 -9.022071015141992500e-01 6.742909130628938783e+02
2.452532873971149247e-02 -9.022074843423997237e-01 6.904908776002340574e+02
2.511456138461317517e-02 -9.022078671707625119e-01 7.070800492971651465e+02
2.571795062303099816e-02 -9.022082499992878368e-01 7.240677789280506431e+02
2.633583657383266330e-02 -9.022086881858309981e-01 7.414636117692592734e+02
2.696856752740276614e-02 -9.022092946027984173e-01 7.592772881716499569e+02
2.761650014196750935e-02 -9.022099010201733993e-01 7.775189384650477677e+02
2.827999964463597665e-02 -9.022105074379559442e-01 7.961988447297626408e+02
2.895944003727163665e-02 -9.022111138561461630e-01 8.153275360732675381e+02
2.965520430730987644e-02 -9.022117202747439446e-01 8.349157945650241572e+02
3.036768464364079240e-02 -9.022123266937492891e-01 8.549746613139087685e+02
3.109728265767838784e-02 -9.022129331131623076e-01 8.755154426916321881e+02
3.184440960974122686e-02 -9.022135395329828889e-01 8.965497167056868193e+02
3.260948664087182786e-02 -9.022141459532110330e-01 9.180893395253983726e+02
3.339294501022589678e-02 -9.022149465857707273e-01 9.401463180345062938e+02
3.419522633816472063e-02 -9.022158939404948397e-01 9.627331088545507782e+02
3.501678285518800005e-02 -9.022168412962137118e-01 9.858625419311910036e+02
3.585807765684756454e-02 -9.022177886529274549e-01 1.009547654115081741e+03
3.671958496478519574e-02 -9.022187360106358467e-01 1.033801795464095676e+03
3.760179039404244750e-02 -9.022196833693389983e-01 1.058638636768064771e+03
3.850519122679234296e-02 -9.022206307290369098e-01 1.084072177254281769e+03
3.943029669264779685e-02 -9.022215780897296922e-01 1.110116752478130138e+03
4.037762825570435921e-02 -9.022225254514171233e-01 1.136787042403288524e+03
4.134771990847970619e-02 -9.022236484035236481e-01 1.164097929517199645e+03
4.234111847291477382e-02 -9.022250155917865833e-01 1.192064736685917751e+03
4.335838390860677349e-02 -9.022263827821213056e-01 1.220703430886973365e+03
4.440008962844747137e-02 -9.022277499745278151e-01 1.250030153833699387e+03
4.546682282184521390e-02 -9.022291171690061118e-01 1.280061435035144996e+03
4.655918478571208913e-02 -9.022304843655560846e-01 1.310814201112641285e+03
4.767779126340349755e-02 -9.022318515641779557e-01 1.342305785340215834e+03
4.882327279180057739e-02 -9.022335873956361940e-01 1.374553565171916944e+03
4.999627505673198691e-02 -9.022353415428089329e-01 1.407576052151230442e+03
5.119745925693434258e-02 -9.022370956933921660e-01 1.441391876453969871e+03
5.242750247675728031e-02 -9.022388498473858931e-01 1.476020097338427377e+03
5.368709806782263894e-02 -9.022408739048158877e-01 1.511479932245971668e+03
5.497695603985369023e-02 -9.022429560246245650e-01 1.547791586483183437e+03
5.629780346089370557e-02 -9.022450381492380656e-01 1.584975588546729341e+03
5.765038486714024052e-02 -9.022473329679284726e-01 1.623052642030272182e+03
5.903546268262586244e-02 -9.022497171708031560e-01 1.662044339901439798e+03
6.045381764898165311e-02 -9.022521320723130289e-01 1.701972723481082994e+03
6.190624926552652091e-02 -9.022548091111711743e-01 1.742859997221489948e+03
6.339357623992931956e-02 -9.022574861579724104e-01 1.784729524749431448e+03
6.491663694969866671e-02 -9.022604022196650808e-01 1.827604582281205921e+03
6.647628991475992843e-02 -9.022633712915630877e-01 1.871509566461184932e+03
6.807341428138669048e-02 -9.022665596888822526e-01 1.916468981827133348e+03
6.970891031775833246e-02 -9.022698250546209442e-01 1.962508349656465043e+03
7.138369992142387654e-02 -9.022733365830053476e-01 2.009653358579147380e+03
7.309872713895765317e-02 -9.022769060310801281e-01 2.057930836591384377e+03
7.485495869810049330e-02 -9.022807863607014145e-01 2.107367592932330354e+03
7.665338455268526363e-02 -9.022847524823288667e-01 2.157991810461352998e+03
7.849501844065481793e-02 -9.022889638686765190e-01 2.209831749571823366e+03
8.038089845548627987e-02 -9.022933733728504269e-01 2.262916674177978621e+03
8.231208763134467699e-02 -9.022979269529125546e-01 2.317276567894657092e+03
8.428967454229455147e-02 -9.023028249571357629e-01 2.372941697126467716e+03
8.631477391590826331e-02 -9.023078819531238359e-01 2.429943718532035291e+03
8.838852726161611217e-02 -9.023131719915933324e-01 2.488314597631195738e+03
9.051210351415359123e-02 -9.023187965581518366e-01 2.548087006184643542e+03
9.268669969246712270e-02 -9.023246220243797966e-01 2.609294837142546839e+03
9.491354157445060225e-02 -9.023307304660787009e-01 2.671972391490950486e+03
9.719388438789242080e-02 -9.023372110834987359e-01 2.736154767549020562e+03
9.952901351802370677e-02 -9.023439369216708084e-01 2.801878337899235248e+03
1.019202452320647490e-01 -9.023509612326222618e-01 2.869179986430604458e+03
1.043689274211795776e-01 -9.023584414270579002e-01 2.938097249133741570e+03
1.068764403602562724e-01 -9.023662157198035771e-01 3.008669243788922358e+03
1.094441974859407252e-01 -9.023742941853387656e-01 3.080935662773943477e+03
1.120736461933648231e-01 -9.023829123180099332e-01 3.154936626427756892e+03
1.147662686520137393e-01 -9.023919036383304393e-01 3.230714132628266270e+03
1.175235826411968054e-01 -9.024012552901868878e-01 3.308310840847967938e+03
1.203471424055912731e-01 -9.024111107864351000e-01 3.387770046576642471e+03
1.232385395313385645e-01 -9.024215123475510802e-01 3.469136316167207951e+03
1.261994038431912823e-01 -9.024323385727235358e-01 3.552455703705831183e+03
1.292314043232149212e-01 -9.024436013561892844e-01 3.637775033465820343e+03
1.323362500515588291e-01 -9.024556309809804722e-01 3.725141378299513690e+03
1.355156911698339739e-01 -9.024681637232430109e-01 3.814604539959061640e+03
1.387715198676320316e-01 -9.024812090145557519e-01 3.906214781691489407e+03
1.421055713927488751e-01 -9.024949383029344796e-01 4.000023093089127087e+03
1.455197250856792857e-01 -9.025094450008992464e-01 4.096081884333674680e+03
1.490159054389630089e-01 -9.025245521687390582e-01 4.194445634218276609e+03
1.525960831819851149e-01 -9.025402751954602065e-01 4.295169557865044226e+03
1.562622763918389002e-01 -9.025570055170178962e-01 4.398308973566285204e+03
1.600165516308748870e-01 -9.025744970280755730e-01 4.503922544584812385e+03
1.638610251115847072e-01 -9.025927092428071008e-01 4.612069698854396847e+03
1.677978638894668806e-01 -9.026117934328923287e-01 4.722810630972779109e+03
1.718292870845551656e-01 -9.026320415059568836e-01 4.836206438574876302e+03
1.759575671322948509e-01 -9.026531320980422102e-01 4.952321839782645839e+03
1.801850310644681208e-01 -9.026750862752316307e-01 5.071221906953917824e+03
1.845140618208999661e-01 -9.026983346480831338e-01 5.192971699622400592e+03
1.889470995926727515e-01 -9.027227530223419505e-01 5.317639885033393512e+03
1.934866431976159651e-01 -9.027481810528673600e-01 5.445296950555980402e+03
1.981352514888427008e-01 -9.027746989047461534e-01 5.576014127831115729e+03
2.028955447971235171e-01 -9.028029639171755161e-01 5.709861903138344132e+03
2.077702064079174071e-01 -9.028324086413117566e-01 5.846917516624694144e+03
2.127619840738893264e-01 -9.028630628543885539e-01 5.987257595482764373e+03
2.178736915637623783e-01 -9.028953664578378557e-01 6.130958737759337964e+03
2.231082102483883667e-01 -9.029395859190577633e-01 6.278171204349227082e+03
2.284684907249178998e-01 -9.030016727983858349e-01 6.429029119679250471e+03
2.339575544799962770e-01 -9.030841370080008312e-01 6.583643232233883282e+03
2.395784955929187721e-01 -9.031684634276451185e-01 6.741959781521090918e+03
2.453344824797003831e-01 -9.032543412715510200e-01 6.904072906130299998e+03
2.512287596790523381e-01 -9.033417869438721270e-01 7.070074330311200356e+03
2.572646496812674433e-01 -9.034312732479133912e-01 7.240055558401268172e+03
2.634455548010401493e-01 -9.035236051061961149e-01 7.414110089786729986e+03
2.697749590952898124e-01 -9.036181382961800956e-01 7.592339851314582120e+03
2.762564303270527155e-01 -9.037149711579410827e-01 7.774844985135180650e+03
2.828936219765626481e-01 -9.038155127334710492e-01 7.961724078297463166e+03
2.896902753006491138e-01 -9.039193636925325626e-01 8.153084847709446876e+03
2.966502214416075200e-01 -9.040261916226512984e-01 8.349036309204020654e+03
3.037773835867446648e-01 -9.041365064293588327e-01 8.549687553954143368e+03
3.110757791797997829e-01 -9.042520699113385518e-01 8.755148002396668744e+03
3.185495221855015879e-01 -9.043713393436051406e-01 8.965537567293771644e+03
3.262028254085329593e-01 -9.044944021770814357e-01 9.180974456940073651e+03
3.340400028682036226e-01 -9.046234594306390431e-01 9.401575792456786075e+03
3.420654722301814665e-01 -9.047578461206728928e-01 9.627467719463787944e+03
3.502837572966475133e-01 -9.048968022715598858e-01 9.858778831377308961e+03
3.586994905562711500e-01 -9.050415065760537559e-01 1.009563727666878185e+04
3.673174157954601227e-01 -9.051939678996412386e-01 1.033817354291371339e+04
3.761423907723364102e-01 -9.053518196752441405e-01 1.058652805928854468e+04
3.851793899549628142e-01 -9.055151667291201356e-01 1.084084021458369898e+04
3.944335073253568691e-01 -9.056889887663494010e-01 1.110124609676213549e+04
4.039099592508657577e-01 -9.058690404723004352e-01 1.136789847837892921e+04
4.136140874245339272e-01 -9.060551802392619036e-01 1.164094726913163504e+04
4.235513618761150845e-01 -9.062534411449024718e-01 1.192053806589276246e+04
4.337273840554164983e-01 -9.064592777233950738e-01 1.220683423024380681e+04
4.441478899897348120e-01 -9.066717413134985915e-01 1.249999762961009765e+04
4.548187535171381302e-01 -9.068992941213922521e-01 1.280018241038307679e+04
4.657459895974375153e-01 -9.071346200668104487e-01 1.310756645377911809e+04
4.769357577027065198e-01 -9.073791713259062863e-01 1.342232034291108539e+04
4.883943652892503984e-01 -9.076399461606197150e-01 1.374461239352056145e+04
5.001282713530049717e-01 -9.079080207971714778e-01 1.407463427133935147e+04
5.121440900703412291e-01 -9.081925089039427634e-01 1.441255994559096325e+04
5.244485945263516191e-01 -9.084894810097229323e-01 1.475858385423809159e+04
5.370487205327107993e-01 -9.087977875545941719e-01 1.511290116126373687e+04
5.499515705372521879e-01 -9.091266292818297456e-01 1.547569937119476708e+04
5.631644176274843705e-01 -9.094620730045691603e-01 1.584719861945396406e+04
5.766947096302931230e-01 -9.098258004586905479e-01 1.622758026072556095e+04
5.905500733101296529e-01 -9.101925678599658287e-01 1.661708849235288289e+04
6.047383186680802547e-01 -9.105938550238543705e-01 1.701590170682071766e+04
6.192674433442046933e-01 -9.109974045106369323e-01 1.742428375999447962e+04
6.341456371256546376e-01 -9.114375565270226298e-01 1.784241887246853730e+04
6.493812865631033437e-01 -9.118852781940033347e-01 1.827057813542121949e+04
6.649829796980737395e-01 -9.123615378803691112e-01 1.870897334600548493e+04
6.809595109038565353e-01 -9.128639639238287362e-01 1.915785164609213462e+04
6.973198858427317459e-01 -9.133666666470020568e-01 1.961749973693977881e+04
7.140733265422779530e-01 -9.139350519298163888e-01 2.008808222882941118e+04
7.312292765936622141e-01 -9.145085599860176551e-01 2.056994600555243233e+04
7.487974064747996428e-01 -9.150824279271907447e-01 2.106336851131054937e+04
7.667876190014203397e-01 -9.157462382358068087e-01 2.156849094154338673e+04
7.852100549090992310e-01 -9.164176365406986324e-01 2.208571571118503198e+04
8.040750985693827513e-01 -9.170895270951513467e-01 2.261534382712730439e+04
8.233933838432709873e-01 -9.178009401234535902e-01 2.315760967236426222e+04
8.431758000753091231e-01 -9.186198116399337810e-01 2.371270114438802557e+04
8.634334982317044549e-01 -9.194394137620727214e-01 2.428109824452590328e+04
8.841778971859174385e-01 -9.202597471417245378e-01 2.486311991073405443e+04
9.054206901552490638e-01 -9.210808124313245582e-01 2.545909272596038500e+04
9.271738512920867370e-01 -9.220310017587022289e-01 2.606911873984368867e+04
9.494496424335091556e-01 -9.231017707659608940e-01 2.669354022749937940e+04
9.722606200130337051e-01 -9.241737832739963521e-01 2.733291819289926207e+04
9.956196421384509998e-01 -9.252470407269055563e-01 2.798761088160515283e+04
1.019539875839678533e+00 -9.263215445704623408e-01 2.865798512006800956e+04
1.044034804490767021e+00 -9.273972962521196406e-01 2.934441652116235855e+04
1.069118235410224216e+00 -9.284742972210112688e-01 3.004728969464356851e+04
1.094804307643922003e+00 -9.299931922373558812e-01 3.076605469869800800e+04
1.121107499935009022e+00 -9.315312628321608113e-01 3.150197683706518728e+04
1.148042638885306221e+00 -9.330718771672580347e-01 3.225550218777287591e+04
1.175624907312759815e+00 -9.346150394496159919e-01 3.302705181857879506e+04
1.203869852809721586e+00 -9.361607538931612238e-01 3.381705686915561819e+04
1.232793396506810080e+00 -9.377090247187891414e-01 3.462595879201058415e+04
1.262411842047350685e+00 -9.392598561543755720e-01 3.545420959916749416e+04
1.292741884777434347e+00 -9.408132524347896375e-01 3.630227211475042714e+04
1.323800621156742130e+00 -9.425712877448441107e-01 3.717008925182954408e+04
1.355605558395511556e+00 -9.449348041093585948e-01 3.805703535911021754e+04
1.388174624322993989e+00 -9.473042470384501756e-01 3.896514561781080556e+04
1.421526177493034115e+00 -9.496796313930979672e-01 3.989492504317600105e+04
1.455679017532441000e+00 -9.520609720715457192e-01 4.084689070103501581e+04
1.490652395737957603e+00 -9.544482840093942988e-01 4.182157199535068503e+04
1.526466025927854187e+00 -9.568415821796961707e-01 4.281951096262948704e+04
1.563140095554235387e+00 -9.592408815930492105e-01 4.384126257335756236e+04
1.600695277082296863e+00 -9.616461972976901862e-01 4.488739504062873311e+04
1.639152739643019663e+00 -9.640575443795901256e-01 4.595849013613734860e+04
1.678534160965778232e+00 -9.672805703305589198e-01 4.705238935881101497e+04
1.718861739597667526e+00 -9.709940589554540979e-01 4.817065333612351242e+04
1.760158207416406162e+00 -9.747218040413910822e-01 4.931549437657776434e+04
1.802446842443836905e+00 -9.784638603203756890e-01 5.048754412019746815e+04
1.845751481967307761e+00 -9.822202827345350995e-01 5.168744921878987225e+04
1.890096535976301784e+00 -9.859911264369262129e-01 5.291587169272154279e+04
1.935507000921852461e+00 -9.897764467923426679e-01 5.417348929617231624e+04
1.982008473806589510e+00 -9.935762993781303010e-01 5.546099589107162319e+04
2.029627166613248601e+00 -9.973907399850013844e-01 5.677910182992026239e+04
2.078389921079872416e+00 -1.001219824617854526e+00 5.812853434771158936e+04
2.128324223829991091e+00 -1.006877185664444507e+00 5.950183608516091772e+04
2.179458221866274581e+00 -1.012703323025149427e+00 6.090695331102984346e+04
2.231820738436486540e+00 -1.018563172418492924e+00 6.234525194016867317e+04
2.285441289280564003e+00 -1.024456928913879183e+00 6.381751554102457885e+04
2.340350099268082129e+00 -1.030384788709450161e+00 6.532454618576823850e+04
2.396578119435444965e+00 -1.036346949138620133e+00 6.686716488725386444e+04
2.454157044432359047e+00 -1.042343608676640221e+00 6.844621204629685963e+04
2.513119330387508565e+00 -1.048374966947207776e+00 7.006254790951426548e+04
2.573498213203464502e+00 -1.054441224729112392e+00 7.171705303797844681e+04
2.635327727291087108e+00 -1.061206641967182618e+00 7.340663375572708901e+04
2.698642724754105604e+00 -1.070234777750579624e+00 7.512246020656761539e+04
2.763478895034542138e+00 -1.079339719720915358e+00 7.687839284752731328e+04
2.829872785030173699e+00 -1.088522121301054302e+00 7.867536913150797773e+04
2.897861819695334074e+00 -1.097782641472809129e+00 8.051434842368896352e+04
2.967484323136600377e+00 -1.107121944824228654e+00 8.239631251370950486e+04
3.038779540215372776e+00 -1.116540701597294571e+00 8.432226613982459821e+04
3.111787658669460388e+00 -1.126039587736024083e+00 8.629323752531263744e+04
3.186549831766093188e+00 -1.135619284934974438e+00 8.831027892741949472e+04
3.263108201499273608e+00 -1.145280480688170899e+00 9.037446719913632842e+04
3.341505922344359725e+00 -1.157207791752589365e+00 9.246853991429877351e+04
3.421787185583430091e+00 -1.171195571685936354e+00 9.459467939790246601e+04
3.503997244215077078e+00 -1.185352429280927211e+00 9.676970544452495233e+04
3.588182438462599766e+00 -1.199680408268286813e+00 9.899474210837834107e+04
3.674390221895151409e+00 -1.214181577082395602e+00 1.012709392891803873e+05
3.762669188176347657e+00 -1.228858029159885179e+00 1.035994733264209208e+05
3.853069098455601527e+00 -1.243711883241858329e+00 1.059815476072954625e+05
3.945640909417542641e+00 -1.258745283679760796e+00 1.084183931886159553e+05
4.040436802005273442e+00 -1.273960400744939436e+00 1.109112694330213562e+05
4.137510210833780455e+00 -1.289359430941954265e+00 1.134614646598166582e+05
4.236915854310023377e+00 -1.309613175520202066e+00 1.160130693419583549e+05
4.338709765476583158e+00 -1.331127713964821213e+00 1.186104526417736342e+05
4.442949323596475431e+00 -1.352995696749448085e+00 1.212659880105275806e+05
4.549693286496676592e+00 -1.375222930315237457e+00 1.239809773981952749e+05
4.659001823688798005e+00 -1.397815316492504012e+00 1.267567519037352467e+05
4.770936550285507671e+00 -1.420778854067797692e+00 1.295946724276991445e+05
4.885560561731725926e+00 -1.444119640376704705e+00 1.324961303394503775e+05
5.002938469370335817e+00 -1.467843872922832249e+00 1.354625481593204313e+05
5.123136436862382403e+00 -1.491957851023392623e+00 1.384953802560419717e+05
5.246222217482176653e+00 -1.517424860824158506e+00 1.415780697486010031e+05
5.372265192308596227e+00 -1.549530865441762328e+00 1.446121126159751147e+05
5.501336409333783983e+00 -1.582316175874841857e+00 1.477111755541656748e+05
5.633508623511560565e+00 -1.615795165023306446e+00 1.508766519546941272e+05
5.768856337768023756e+00 -1.649982509892010007e+00 1.541099650697078032e+05
5.907455844997328676e+00 -1.684893198025049887e+00 1.574125686518960283e+05
6.049385271066615388e+00 -1.720542534076246799e+00 1.607859476081244648e+05
6.194724618853965303e+00 -1.756946146518600704e+00 1.642316186670724419e+05
6.343555813344517347e+00 -1.794119994495735781e+00 1.677511310611807858e+05
6.495962747810039239e+00 -1.832080374818310764e+00 1.713460672232141078e+05
6.652031331097869149e+00 -1.874436550541605628e+00 1.749041014810436463e+05
6.811849536056111987e+00 -1.922512853603376204e+00 1.783864451969991787e+05
6.975507449122276604e+00 -1.971822237035579795e+00 1.819381224371745775e+05
7.143097321103168085e+00 -2.022396327379832659e+00 1.855605136332471156e+05
7.314713619174996850e+00 -2.074267562348036886e+00 1.892550267013144330e+05
7.490453080132605024e+00 -2.127469211627570189e+00 1.930230975891082489e+05
7.670414764918168871e+00 -2.182035398220143918e+00 1.968661908341031813e+05
7.854700114459991056e+00 -2.238001120327963722e+00 2.007858001327432576e+05
8.043413006852700775e+00 -2.295402273801198323e+00 2.047834489209920575e+05
8.236659815911373528e+00 -2.354275675161226822e+00 2.088606909664513660e+05
8.434549471132450904e+00 -2.420759754189603541e+00 2.126473000603032706e+05
8.637193519095076155e+00 -2.491344579962600392e+00 2.163687808897856739e+05
8.844706186337885967e+00 -2.563987527207915118e+00 2.201553903127671219e+05
9.057204443746185163e+00 -2.638748606897423521e+00 2.240082681265175634e+05
9.274808072486223409e+00 -2.715689579810675713e+00 2.279285740755800798e+05
9.497639731523593198e+00 -2.794874007556033657e+00 2.319174882008621062e+05
9.725825026763574854e+00 -2.876367305079423176e+00 2.359762111948359816e+05
9.959492581852932958e+00 -2.960236794704246055e+00 2.401059647629581159e+05
1.019877411068242878e+01 -3.046551761746889131e+00 2.443079919914084021e+05
1.044380449163146807e+01 -3.135610884219023564e+00 2.485462270025937469e+05
1.069472184359650235e+01 -3.232888009189590850e+00 2.519493449325250986e+05
1.095166760384585380e+01 -3.333182995556852823e+00 2.553990586679317348e+05
1.121478660774523917e+01 -3.436589467463293079e+00 2.588960062028916145e+05
1.148422717039874108e+01 -3.543203953585102095e+00 2.624408342669582926e+05
1.176014117025100703e+01 -3.653125977240446076e+00 2.660341984447640716e+05
1.204268413469838173e+01 -3.766458149293341329e+00 2.696767632972687134e+05
1.233201532775653497e+01 -3.883306263939580560e+00 2.733692024846601416e+05
1.262829783983458576e+01 -4.003779397464339418e+00 2.771121988909458742e+05
1.293169867966609310e+01 -4.127990010063589565e+00 2.809064447502422845e+05
1.324238886844850072e+01 -4.255695588304993393e+00 2.841787919150521629e+05
1.356054353624456432e+01 -4.386639243193254600e+00 2.863728525549757178e+05
1.388634202069986934e+01 -4.521611908239730582e+00 2.885838528900088277e+05
1.421996796813180808e+01 -4.660737552206904333e+00 2.908119237065415364e+05
1.456160943704768762e+01 -4.804143958256749336e+00 2.930571968007275136e+05
1.491145900414948322e+01 -4.951962841316031039e+00 2.953198049862778280e+05
1.526971387288568671e+01 -5.104329969052965765e+00 2.975998821023209020e+05
1.563657598461119136e+01 -5.261385286576218512e+00 2.998975630213176482e+05
1.601225213241750112e+01 -5.423273044970614798e+00 3.022129836570374900e+05
1.639695407769826829e+01 -5.590141933787999839e+00 3.045462809726020205e+05
1.679089866951488474e+01 -5.752778220368281126e+00 3.051061211266313912e+05
1.719430796683019480e+01 -5.914797151637442241e+00 3.046743395472927368e+05
1.760740936367895415e+01 -6.081379118901410585e+00 3.042431690187312197e+05
1.803043571734526296e+01 -6.252652633670071403e+00 3.038126086761965416e+05
1.846362547961980383e+01 -6.428749826799772471e+00 3.033826576561625116e+05
1.890722283121065317e+01 -6.609806550427180127e+00 3.029533150963251246e+05
1.936147781938294798e+01 -6.795962482773822089e+00 3.025245801356007578e+05
1.982664649890601538e+01 -6.987361235902520562e+00 3.020964519141242490e+05
2.030299107638624179e+01 -7.184150466508408606e+00 3.016689295732474420e+05
2.079078005806798402e+01 -7.386481989830373962e+00 3.012420122555372072e+05
2.129028840118547450e+01 -7.561137442567409828e+00 2.971240728885302669e+05
2.180179766895067672e+01 -7.737909555678801787e+00 2.928487686952624354e+05
2.232559618926513423e+01 -7.918814430588415831e+00 2.886349816512692487e+05
2.286197921724500759e+01 -8.103948687287864772e+00 2.844818265892073396e+05
2.341124910165033413e+01 -8.293411204651073731e+00 2.803884310783642577e+05
2.397371545531358805e+01 -8.487303173244898247e+00 2.763539352413917077e+05
2.454969532966211432e+01 -8.685728149374162044e+00 2.723774915736757102e+05
2.513951339343404356e+01 -8.888792110390388856e+00 2.684582647653060267e+05
2.574350211568793867e+01 -9.096603511293587019e+00 2.645954315256071859e+05
2.636200195320883566e+01 -9.295915514977735938e+00 2.598574560600093100e+05
2.699536154241758723e+01 -9.457792771002020871e+00 2.524173632294884883e+05
2.764393789589009387e+01 -9.622488925926122150e+00 2.451902909609555209e+05
2.830809660359857460e+01 -9.790053067504553397e+00 2.381701401692436193e+05
2.898821203898774712e+01 -9.960535138296433999e+00 2.313509863947672129e+05
2.968466757000156520e+01 -1.013398595055080875e+01 2.247270748037442972e+05
3.039785577518050985e+01 -1.031045720135128541e+01 2.182928153315622185e+05
3.112817866495071328e+01 -1.049000148802443633e+01 2.120427779652008030e+05
3.187604790822904022e+01 -1.067267232381634479e+01 2.059716881607267132e+05
3.264188506447342064e+01 -1.085852415384234604e+01 2.000744223919849901e+05
3.342612182130734766e+01 -1.101878009574073225e+01 1.940349043956999958e+05
3.422920023785401611e+01 -1.115723089304364990e+01 1.879282212410182110e+05
3.505157299391673575e+01 -1.129742132242084551e+01 1.820137281423871464e+05
3.589370364514542189e+01 -1.143937324232174646e+01 1.762853764778781915e+05
3.675606688433412472e+01 -1.158310878584687131e+01 1.707373079883098253e+05
3.763914880899643123e+01 -1.172865036419881513e+01 1.653638487861359899e+05
3.854344719536875630e+01 -1.187602067017653340e+01 1.601595035528872104e+05
3.946947177899779291e+01 -1.202524268171369037e+01 1.551189499192272488e+05
4.041774454206802858e+01 -1.217633966546128832e+01 1.502370330218840973e+05
4.138880000763331424e+01 -1.232933518041542165e+01 1.455087602318857971e+05
4.238318554091740253e+01 -1.247195730502835787e+01 1.427754917388100002e+05
4.340146165785259313e+01 -1.261400821993602683e+01 1.404197207647099276e+05
4.444420234103241540e+01 -1.275767704147476778e+01 1.381028196051332634e+05
4.551199536325395201e+01 -1.290298219699414162e+01 1.358241469148488541e+05
4.660544261883424610e+01 -1.304994232372432350e+01 1.335830719307104591e+05
4.772516046288681935e+01 -1.319857627116656928e+01 1.313789742970548396e+05
4.887178005874859821e+01 -1.334890310351084430e+01 1.292112438939807180e+05
5.004594773375474404e+01 -1.350094210208110290e+01 1.270792806684598181e+05
5.124832534356124114e+01 -1.365471276780836973e+01 1.249824944682345813e+05
5.247959064521943873e+01 -1.381076867549806408e+01 1.228151053325281828e+05
5.374043767921541104e+01 -1.397167285815192805e+01 1.201002969884600025e+05
5.503157716068651695e+01 -1.413445167621558696e+01 1.174454990504823218e+05
5.635373688003804915e+01 -1.429912697037619829e+01 1.148493849981256353e+05
5.770766211318500893e+01 -1.446572083577879297e+01 1.123106576334434794e+05
5.909411604164908738e+01 -1.463425562499073251e+01 1.098280484328448074e+05
6.051388018274968772e+01 -1.480475395100094715e+01 1.074003169132498151e+05
6.196775483013050234e+01 -1.497723869025398891e+01 1.050262500122589845e+05
6.345655950486876407e+01 -1.515173298571941629e+01 1.027046614820254617e+05
6.498113341742445925e+01 -1.532826024999703840e+01 1.004343912965206255e+05
6.654233594068612945e+01 -1.549162597173524780e+01 9.798655030500672001e+04
6.814104709438323937e+01 -1.563804593334251791e+01 9.532879650612162368e+04
6.977816804113666649e+01 -1.578584979133331956e+01 9.274313071557505464e+04
7.145462159442570282e+01 -1.593505062568100428e+01 9.022759764279537194e+04
7.317135273876139934e+01 -1.608566163998506937e+01 8.778029503184513305e+04
7.492932916235503171e+01 -1.623769616263954063e+01 8.539937222292940714e+04
7.672954180258571455e+01 -1.639116764801248038e+01 8.308302875291838427e+04
7.857300540457310944e+01 -1.654608967763670435e+01 8.082951299383059086e+04
8.046075909316883212e+01 -1.670247596141159363e+01 7.863712082824554818e+04
8.239386695869139032e+01 -1.686034033881641037e+01 7.650419436064244655e+04
8.437341865673400321e+01 -1.701687051777794935e+01 7.472194596729983459e+04
8.640053002238116164e+01 -1.717391630021433002e+01 7.307548170541561558e+04
8.847634369918473851e+01 -1.733241143126952011e+01 7.146529653838845843e+04
9.060202978324888079e+01 -1.749236928673358094e+01 6.989059107278258307e+04
9.277878648279110507e+01 -1.765380336583944398e+01 6.835058352943435602e+04
9.500784079354971823e+01 -1.781672729240221287e+01 6.684450935533034499e+04
9.729044919041649564e+01 -1.798115481596878595e+01 6.537162084403662448e+04
9.962789833568791664e+01 -1.814709981297827568e+01 6.393118676449252962e+04
1.020215058043324490e+02 -1.831457628793312864e+01 6.252249199798247719e+04
1.044726208266807106e+02 -1.848257192922860526e+01 6.114846419080189662e+04
1.069826250489622481e+02 -1.863396765434640656e+01 5.986682228036213928e+04
1.095529333121113069e+02 -1.878660350262843792e+01 5.861204295769679447e+04
1.121849944492860800e+02 -1.894048963225756310e+01 5.738356319610088394e+04
1.148802921025485944e+02 -1.909563628462509755e+01 5.618083176963340520e+04
1.176403455591635918e+02 -1.925205378501228992e+01 5.500330900578038563e+04
1.204667106079931926e+02 -1.940975254327761235e+01 5.385046654329903686e+04
1.233609804164635193e+02 -1.956874305454945429e+01 5.272178709514033835e+04
1.263247864286030051e+02 -1.972903589992462159e+01 5.161676421633888822e+04
1.293597992846567593e+02 -1.989064174717258737e+01 5.053490207676780119e+04
1.324677297627926862e+02 -2.004975274430766063e+01 4.942732816789065691e+04
1.356503297434348383e+02 -2.020315658305568363e+01 4.825830354376749165e+04
1.389093931967654498e+02 -2.035773413890851202e+01 4.711692796770048881e+04
1.422467571939494064e+02 -2.051349439216185289e+01 4.600254750148986932e+04
1.456643029426580256e+02 -2.067044639182118004e+01 4.491452367347770632e+04
1.491639568474674320e+02 -2.082859925612726215e+01 4.385223311274348816e+04
1.527476915957366543e+02 -2.098796217308599310e+01 4.281506719195052574e+04
1.564175272695741796e+02 -2.114854440100220856e+01 4.180243167863954295e+04
1.601755324845175608e+02 -2.131035526901743893e+01 4.081374639477048913e+04
1.640238255555727847e+02 -2.147340417765196463e+01 3.984844488431579521e+04
1.679645756912687489e+02 -2.163064541147879183e+01 3.887129123625037755e+04
1.720000042163958369e+02 -2.178532506350505571e+01 3.790043088719343359e+04
1.761323858241264873e+02 -2.194111082190475415e+01 3.695381902043264563e+04
1.803640498582135194e+02 -2.209801059638864729e+01 3.603084999902516574e+04
1.846973816259971954e+02 -2.225603235322942552e+01 3.513093331258770195e+04
1.891348237429580479e+02 -2.241518411566625701e+01 3.425349319949081109e+04
1.936788775095695598e+02 -2.257547396431200681e+01 3.339796827849039255e+04
1.983321043212359314e+02 -2.273691003756365703e+01 3.256381118955866623e+04
2.030971271120985762e+02 -2.289950053201541280e+01 3.175048824368650457e+04
2.079766318335344693e+02 -2.306325370287492404e+01 3.095747908143241148e+04
2.129733689681766009e+02 -2.321703232008159290e+01 3.024702976610401674e+04
2.180901550803052658e+02 -2.337134662761405224e+01 2.955556410280105410e+04
2.233298744034922834e+02 -2.352668660049343075e+01 2.887990576891945602e+04
2.286954804663891991e+02 -2.368305905590618110e+01 2.821969339920732091e+04
2.341899977575711205e+02 -2.384047085634982466e+01 2.757457388944460035e+04
2.398165234303862974e+02 -2.399892890993418959e+01 2.694420220759018048e+04
2.455782290487584305e+02 -2.415844017068451421e+01 2.632824120924716044e+04
2.514783623749373191e+02 -2.431901163884665351e+01 2.572636145734662205e+04
2.575202492002014196e+02 -2.448065036119431781e+01 2.513824104595300741e+04
2.637072952195391622e+02 -2.464102196742317119e+01 2.455834492314924864e+04
2.700429879513748688e+02 -2.479572245092014526e+01 2.397728364886580312e+04
2.765308987034172787e+02 -2.495139417009176341e+01 2.340997054065486736e+04
2.831746845857329618e+02 -2.510804322251905063e+01 2.285608031084264803e+04
2.899780905721931958e+02 -2.526567574406469774e+01 2.231529536820486464e+04
2.969449516114393646e+02 -2.542429790911338117e+01 2.178730563586584685e+04
3.040791947885712148e+02 -2.558391593081356774e+01 2.127180837350571892e+04
3.113848415387708428e+02 -2.574453606132095018e+01 2.076850800377385531e+04
3.188660099141037563e+02 -2.590616459204329658e+01 2.027711594281031284e+04
3.265269169047903119e+02 -2.606880785388689858e+01 1.979735043477653016e+04
3.343718808162373080e+02 -2.622733831063327514e+01 1.933345144078720114e+04
3.424053237031851609e+02 -2.638279102554330180e+01 1.888387434043801477e+04
3.506317738623370701e+02 -2.653916512814000228e+01 1.844475163669648828e+04
3.590558683848683472e+02 -2.669646607960342521e+01 1.801584022463513611e+04
3.676823557702670087e+02 -2.685469937348272040e+01 1.759690265245083719e+04
3.765160986029738410e+02 -2.701387053588804577e+01 1.718770699000811874e+04
3.855620762933219794e+02 -2.717398512568344415e+01 1.678802670043925900e+04
3.948253878843404436e+02 -2.733504873468108087e+01 1.639764051472971914e+04
4.043112549259811317e+02 -2.749706698783649372e+01 1.601633230922076109e+04
4.140250244184077815e+02 -2.766004554344499411e+01 1.564389098595976247e+04
4.239721718259993395e+02 -2.781605475677213590e+01 1.527469364084688641e+04
4.341583041637587144e+02 -2.797167037153537805e+01 1.491336538084184394e+04
4.445891631578811598e+02 -2.812815657056261642e+01 1.456058446813871888e+04
4.552706284822573934e+02 -2.828551822429673379e+01 1.421614871222542934e+04
4.662087210727257798e+02 -2.844376023042806167e+01 1.387986070547783856e+04
4.774096065209652693e+02 -2.860288751404683794e+01 1.355152771001851943e+04
4.888795985499137373e+02 -2.876290502779646729e+01 1.323096154725260931e+04
5.006251625726944781e+02 -2.892381775202767002e+01 1.291797849001618670e+04
5.126529193370479334e+02 -2.908563069495358633e+01 1.261239915727604239e+04
5.249696486573121774e+02 -2.924698467570387450e+01 1.231530681402791561e+04
5.375822932360819095e+02 -2.940222923613856310e+01 1.203148973772458339e+04
5.504979625776684315e+02 -2.955829784301126395e+01 1.175421347554937347e+04
5.637239369955929078e+02 -2.971519487040455232e+01 1.148332728868839149e+04
5.772676717163624289e+02 -2.987292471561896789e+01 1.121868391223613617e+04
5.911368010818301855e+02 -3.003149179929605594e+01 1.096013947513650601e+04
6.053391428525300171e+02 -3.019090056554238188e+01 1.070755342196841048e+04
6.198827026144011825e+02 -3.035115548205412139e+01 1.046078843653392505e+04
6.347756782913733105e+02 -3.051226104024213370e+01 1.021971036720781740e+04
6.500264647663889264e+02 -3.067422175535803675e+01 9.984188154006942568e+03
6.656436586134268509e+02 -3.083334374957282620e+01 9.753227211025050565e+03
6.816360629432298310e+02 -3.098901697218422768e+01 9.526635737425876869e+03
6.980126923654519260e+02 -3.114547616703514521e+01 9.305308541464943119e+03
7.147827780700113181e+02 -3.130272530238901396e+01 9.089123321015826150e+03
7.319557730305389214e+02 -3.146076836654451370e+01 8.877960615331547160e+03
7.495413573328405619e+02 -3.161960936793666832e+01 8.671703739032225712e+03
7.675494436313650795e+02 -3.177925233523853876e+01 8.470238717626632933e+03
7.859901827367876876e+02 -3.193970131746337415e+01 8.273454224531426007e+03
8.048739693378157654e+02 -3.210096038406734920e+01 8.081241519553848775e+03
8.242114478604786427e+02 -3.226303362505269945e+01 7.893494388803464972e+03
8.440135184681897726e+02 -3.242013221662558919e+01 7.707752511139565286e+03
8.642913432059493744e+02 -3.257622305263481621e+01 7.525680622618389862e+03
8.850563522921777349e+02 -3.273306540775945450e+01 7.347909621099205651e+03
9.063202505617147153e+02 -3.289066290028359418e+01 7.174337911387076929e+03
9.280950240635966111e+02 -3.304901916591195032e+01 7.004866298160340193e+03
9.503929468173749910e+02 -3.320813785785381356e+01 6.839397929280936296e+03
9.732265877317319109e+02 -3.336802264690730624e+01 6.677838240443978066e+03
9.966088176893364334e+02 -3.352867722154407915e+01 6.520094901134715656e+03
1.020552816801919107e+03 -3.369010528799440607e+01 6.366077761862119587e+03
1.045072081839632347e+03 -3.385181844401677864e+01 6.215892536129775181e+03
1.070180433838937688e+03 -3.400752393004536600e+01 6.071846406725401721e+03
1.095892025893231903e+03 -3.416394560207204023e+01 5.931138379979001911e+03
1.122221351130700668e+03 -3.432108675427990363e+01 5.793691099217370720e+03
1.149183250883797655e+03 -3.447895069600410523e+01 5.659429000418875148e+03
1.176792923055026904e+03 -3.463754075180141001e+01 5.528278270670773054e+03
1.205065930683687156e+03 -3.479686026152031531e+01 5.400166807589380369e+03
1.234018210718485989e+03 -3.495691258037132343e+01 5.275024179680401176e+03
1.263666083000875688e+03 -3.511770107899770466e+01 5.152781587618063895e+03
1.294026259464218128e+03 -3.527922914354626727e+01 5.033371826421566766e+03
1.325115853554008481e+03 -3.543894769524160893e+01 4.916059809987054905e+03
1.356952389874380060e+03 -3.559501133934711703e+01 4.800365662814766438e+03
1.389553814066368659e+03 -3.575176224598704522e+01 4.687394252185028563e+03
1.422938502923556371e+03 -3.590920344168175404e+01 4.577081501440007742e+03
1.457125274750699646e+03 -3.606733796627960231e+01 4.469364841896650432e+03
1.492133399971226481e+03 -3.622616887301550292e+01 4.364183177358212561e+03
1.527982611989637689e+03 -3.638569922857011107e+01 4.261476849460763333e+03
1.564693118314821504e+03 -3.654593211312889167e+01 4.161187603835408481e+03
1.602285611950650718e+03 -3.670687062044165572e+01 4.063258557066772028e+03
1.640781283060201758e+03 -3.686851785788216063e+01 3.967634164429148314e+03
1.680201830910280023e+03 -3.702643059629515676e+01 3.874934588085801806e+03
1.720569476102859426e+03 -3.718282768324894505e+01 3.784724230783524035e+03
1.761906973100384675e+03 -3.733988538070210694e+01 3.696614014368704375e+03
1.804237623052064919e+03 -3.749760647902780875e+01 3.610555046542493074e+03
1.847585286928261212e+03 -3.765599378038562151e+01 3.526499573242484530e+03
1.891974398970432048e+03 -3.781505009877104584e+01 3.444400952144048915e+03
1.937429980464288292e+03 -3.797477826006590362e+01 3.364213626778471280e+03
1.983977653843787493e+03 -3.813518110208826783e+01 3.285893101253733221e+03
2.031643657133980696e+03 -3.829626147464292529e+01 3.209395915563802191e+03
2.080454858740928557e+03 -3.845802223957208810e+01 3.134679621472640974e+03
2.130438772596879971e+03 -3.861424482959785820e+01 3.060887993975865811e+03
2.181623573669318830e+03 -3.877092285091531920e+01 2.988810633348514330e+03
2.234038113842699659e+03 -3.892823659623754651e+01 2.918430540287055464e+03
2.287711938181664209e+03 -3.908618864502658141e+01 2.849707747773202755e+03
2.342675301585044053e+03 -3.924478158721074550e+01 2.782603229926392487e+03
2.398959185839921247e+03 -3.940401802322688951e+01 2.717078879842049446e+03
2.456595317085524584e+03 -3.956390056406335987e+01 2.653097487951602034e+03
2.515616183696612097e+03 -3.972443183130253175e+01 2.590622720892174584e+03
2.576055054596509308e+03 -3.988561445716393905e+01 2.529619100873852858e+03
2.637945998010221956e+03 -4.004577409468669202e+01 2.470271474897775988e+03
2.701323900668005535e+03 -4.020210491765396910e+01 2.412885626921766288e+03
2.766224487470308759e+03 -4.035904602539562802e+01 2.356832885683784752e+03
2.832684341625276375e+03 -4.051659980034337849e+01 2.302082282336317348e+03
2.900740925269964919e+03 -4.067476863422947275e+01 2.248603567456249493e+03
2.970432600586990702e+03 -4.083355492812296461e+01 2.196367194332247436e+03
3.041798651428622179e+03 -4.099296109246623843e+01 2.145344302640295155e+03
3.114879305460282012e+03 -4.115298954711155943e+01 2.095506702498556479e+03
3.189715756836130367e+03 -4.131364272135791538e+01 2.046826858892593236e+03
3.266350189419363232e+03 -4.147492305398760237e+01 1.999277876462446102e+03
3.344825800560518474e+03 -4.163343778146053609e+01 1.952565352597976698e+03
3.425186825446951843e+03 -4.179003843355896208e+01 1.906750645577645855e+03
3.507478562037315442e+03 -4.194722812575454896e+01 1.862010928122492714e+03
3.591747396595225837e+03 -4.210500907367180190e+01 1.818320976835040938e+03
3.678040829836264038e+03 -4.226338350126909660e+01 1.775656160155906491e+03
3.766407503703168459e+03 -4.242235364086996441e+01 1.733992424477029999e+03
3.856897228784446725e+03 -4.258192173319471152e+01 1.693306280580654857e+03
3.949561012391599888e+03 -4.274209002739190311e+01 1.653574790396591425e+03
4.044451087310911589e+03 -4.290286078107004641e+01 1.614775554070178487e+03
4.141620941246154871e+03 -4.306423626032950125e+01 1.576886697333644406e+03
4.241125346968517078e+03 -4.322121803177209642e+01 1.540034415192537153e+03
4.343020393190985487e+03 -4.337806359960927693e+01 1.504063725135017648e+03
4.447363516184404943e+03 -4.353547834465312860e+01 1.468933204966210724e+03
4.554213532153296001e+03 -4.369346433239203975e+01 1.434623230780068297e+03
4.663630670389365150e+03 -4.385202363580984297e+01 1.401114637027471645e+03
4.775676607221539598e+03 -4.401115833541293654e+01 1.368388705810371221e+03
4.890414500781827883e+03 -4.417087051925776819e+01 1.336427156425937255e+03
5.007909026606295811e+03 -4.433116228297812000e+01 1.305212135154976067e+03
5.128226414091346669e+03 -4.449203572981255661e+01 1.274726205288861138e+03
5.251434483826077667e+03 -4.465251553152417330e+01 1.244952448636078771e+03
5.377602685821380874e+03 -4.480903483392934561e+01 1.215874619865635623e+03
5.506802138657504656e+03 -4.496610277937808320e+01 1.187475949666217275e+03
5.639105669572353690e+03 -4.512372129101462548e+01 1.159740575217790365e+03
5.774587855512737406e+03 -4.528189229872435817e+01 1.132653004201513340e+03
5.913325065171879942e+03 -4.544061773915733227e+01 1.106198106146108557e+03
6.055395502037122242e+03 -4.559989955575220222e+01 1.080361103976314553e+03
6.200879248471621395e+03 -4.575973969875986569e+01 1.055127565758785749e+03
6.349858310855286618e+03 -4.592014012526743016e+01 1.030483396640743422e+03
6.502416665810084851e+03 -4.608110279922205166e+01 1.006414830976949247e+03
6.658640307536199543e+03 -4.624007969132879481e+01 9.829013582659674739e+02
6.818617296285226985e+03 -4.639682300799327663e+01 9.599297411613176791e+02
6.982437807997951495e+03 -4.655409764872730705e+01 9.374949990828012005e+02
7.150194185134952022e+03 -4.671190541459827017e+01 9.155845845988453675e+02
7.321980988728183547e+03 -4.687024811277866831e+01 8.941862435268278659e+02
7.497895051683112797e+03 -4.702912755656691957e+01 8.732880080795006279e+02
7.678035533361738999e+03 -4.718854556540819090e+01 8.528781901715537970e+02
7.862503975476723099e+03 -4.734850396491506075e+01 8.329453748826505262e+02
8.051404359328395003e+03 -4.750900458688852979e+01 8.134784140732298283e+02
8.244843164417194203e+03 -4.767004926933905296e+01 7.944664201494935014e+02
8.442929428463987279e+03 -4.782760620251160333e+01 7.758936402436039543e+02
8.645774808872587528e+03 -4.798454568527009201e+01 7.577536424855024961e+02
8.853493645668739191e+03 -4.814200014260501348e+01 7.400377486272119540e+02
9.066203025951595919e+03 -4.829997126433220700e+01 7.227360433357612237e+02
9.284022849893359307e+03 -4.845846074581238128e+01 7.058388430936067834e+02
9.507075898324563241e+03 -4.861747028796919068e+01 6.893366907789200013e+02
9.735487901943499310e+03 -4.877700159730779461e+01 6.732203503725480687e+02
9.969387612188063940e+03 -4.893705638593297635e+01 6.574808017887602318e+02
1.020890687381034513e+04 -4.909763637156741112e+01 6.421092358268369935e+02
1.045418069919519257e+04 -4.925833417810156334e+01 6.270966812586173091e+02
1.070534734446398761e+04 -4.941495563064772512e+01 6.124310911977795513e+02
1.096254838740681225e+04 -4.957207507566167948e+01 5.981084778074653059e+02
1.122592880728737691e+04 -4.972969409655676287e+01 5.841208200673073634e+02
1.149563706656486102e+04 -4.988781428178098309e+01 5.704602845404526761e+02
1.177182519457942544e+04 -5.004643722483291413e+01 5.571192209866359235e+02
1.205464887324802839e+04 -5.020556452427772598e+01 5.440901580778620428e+02
1.234426752481959738e+04 -5.036519778376353429e+01 5.313657992142656212e+02
1.264084440173814437e+04 -5.052533861203728804e+01 5.189390184378389677e+02
1.294454667866485579e+04 -5.068598862296114760e+01 5.068028564417225539e+02
1.325554554671152073e+04 -5.084529267995639401e+01 4.949502504512653900e+02
1.357401630993752588e+04 -5.100210040995547445e+01 4.833744231677629841e+02
1.390013848416517976e+04 -5.115939173760713743e+01 4.720693297149355203e+02
1.423409589816966582e+04 -5.131716815433467360e+01 4.610286382077873100e+02
1.457607679729960182e+04 -5.147543115616085885e+01 4.502461648505642415e+02
1.492627394958713376e+04 -5.163418224372225040e+01 4.397158704732669889e+02
1.528488475440790353e+04 -5.179342292228335509e+01 4.294318571491566559e+02
1.565211135375110462e+04 -5.195315470175103201e+01 4.193883648913787283e+02
1.602816074616281730e+04 -5.211337909668863233e+01 4.095797684268528656e+02
1.641324490342747231e+04 -5.227409762633045176e+01 4.000005740455941350e+02
1.680758089005200600e+04 -5.243208121504259367e+01 3.906438022804453567e+02
1.721139098562107029e+04 -5.258904991168576970e+01 3.815051770644894873e+02
1.762490281009145474e+04 -5.274648853382405633e+01 3.725803386035026961e+02
1.804834945209748548e+04 -5.290439848829829828e+01 3.638642856226176150e+02
1.848196960033839059e+04 -5.306278118616111783e+01 3.553521338455636283e+02
1.892600767812227787e+04 -5.322163804268930676e+01 3.470391132576345399e+02
1.938071398114328258e+04 -5.338097047739680789e+01 3.389205654326729587e+02
1.984634481856821367e+04 -5.354077991404722781e+01 3.309919409225994400e+02
2.032316265751281753e+04 -5.370106778066646314e+01 3.232487967080103317e+02
2.081143627098992147e+04 -5.386183550955566801e+01 3.156867937084030586e+02
2.131144088941136215e+04 -5.401851803099853555e+01 3.082974612798170142e+02
2.182345835572977012e+04 -5.417559158415542697e+01 3.010810337121923794e+02
2.234777728430854768e+04 -5.433312187144724703e+01 2.940335236135037462e+02
2.288469322360784645e+04 -5.449111022095282664e+01 2.871509770728936246e+02
2.343450882277972778e+04 -5.464955796461286042e+01 2.804295327300913527e+02
2.399753400226525628e+04 -5.480846643824093434e+01 2.738654196090535038e+02
2.457408612849125348e+04 -5.496783698153489439e+01 2.674549550023011761e+02
2.516449019276333274e+04 -5.512767093808822239e+01 2.611945424047904680e+02
2.576907899445693329e+04 -5.528796965540106356e+01 2.550806694961444521e+02
2.638819332861049043e+04 -5.544745356753109178e+01 2.491094660937666561e+02
2.702218217802474464e+04 -5.560421330298671450e+01 2.432769777197410122e+02
2.767140290997727789e+04 -5.576141622587618940e+01 2.375810474667971448e+02
2.833622147766417402e+04 -5.591906358916856590e+01 2.320184780511607414e+02
2.901701262648049305e+04 -5.607715664937536815e+01 2.265861470481988249e+02
2.971416010525663296e+04 -5.623569666656031529e+01 2.212810051397168820e+02
3.042805688257084330e+04 -5.639468490434973802e+01 2.161000744022872198e+02
3.115910536825757299e+04 -5.655412262994234851e+01 2.110404466356622208e+02
3.190771764023835567e+04 -5.671401111411947937e+01 2.060992817303175002e+02
3.267431567680167791e+04 -5.687435163125520177e+01 2.012738060732246765e+02
3.345933159446476930e+04 -5.703256788459556503e+01 1.965598010557378643e+02
3.426320789154894737e+04 -5.718941957835654932e+01 1.919551724825008421e+02
3.508639769760698255e+04 -5.734670264764110925e+01 1.874584123756730492e+02
3.592936502884429501e+04 -5.750441827882376344e+01 1.830669937983119837e+02
3.679258504967553017e+04 -5.766256766154177882e+01 1.787784490097401147e+02
3.767654434056511673e+04 -5.782115198870410921e+01 1.745903680788090355e+02
3.858174117230418051e+04 -5.798017245650046902e+01 1.705003975296448004e+02
3.950868578687570698e+04 -5.813963026441044235e+01 1.665062390191228872e+02
4.045790068506765238e+04 -5.829952661521231505e+01 1.626056480453246706e+02
4.142992092099747970e+04 -5.845986271499237574e+01 1.587964326862451685e+02
4.242529440371138480e+04 -5.861683438147440484e+01 1.550744141835984919e+02
4.344458220602951769e+04 -5.877375711788281620e+01 1.514393904125162464e+02
4.448835888081293524e+04 -5.893109995110234678e+01 1.478895734622104499e+02
4.555721278482726484e+04 -5.908886400577141274e+01 1.444229660411185137e+02
4.665174641038843401e+04 -5.924705040953910640e+01 1.410376176752158415e+02
4.777257672497519525e+04 -5.940566029307335327e+01 1.377316236105905318e+02
4.892033551900291059e+04 -5.956469479006904066e+01 1.345031237417372552e+02
5.009566976195106690e+04 -5.972415503725607522e+01 1.313503015649772294e+02
5.129924196704688075e+04 -5.988404217440738364e+01 1.282713831564109626e+02
5.253173056471240852e+04 -6.004353347586809519e+01 1.252637261345064985e+02
5.379383028498210479e+04 -6.019996512952392465e+01 1.223228427678594983e+02
5.508625254910803778e+04 -6.035680433518156462e+01 1.194510040899117627e+02
5.640972587057566852e+04 -6.051405215463786647e+01 1.166465891016490559e+02
5.776499626575217553e+04 -6.067170965245600911e+01 1.139080148611158876e+02
5.915282767440075986e+04 -6.082977789597256901e+01 1.112337355899318965e+02
6.057400239030017110e+04 -6.098825795530495952e+01 1.086222418007792214e+02
6.202932150220764015e+04 -6.114715090335854342e+01 1.060720594453799919e+02
6.351960534541770176e+04 -6.130645781583396570e+01 1.035817490824745590e+02
6.504569396416826930e+04 -6.146617977123431587e+01 1.011499050653349627e+02
6.660844758515893773e+04 -6.162442478929063583e+01 9.877619387937777162e+01
6.820874710244340531e+04 -6.178112566378931803e+01 9.645923064511299572e+01
6.984749457397164952e+04 -6.193822500308744594e+01 9.419661571501073638e+01
7.152561373006412759e+04 -6.209572382041619676e+01 9.198707425737647725e+01
7.324405049410005449e+04 -6.225362313158310457e+01 8.982936134385610671e+01
7.500377351571517647e+04 -6.241192395497872525e+01 8.772226124800377534e+01
7.680577471681260795e+04 -6.257062731158332980e+01 8.566458676029917285e+01
7.865106985068930953e+04 -6.272973422497326368e+01 8.365517851923576131e+01
8.054069907459555543e+04 -6.288924572132770408e+01 8.169290435809946871e+01
8.247572753605342587e+04 -6.304916282943518269e+01 7.977665866706651343e+01
8.445724597325864306e+04 -6.320611545111957241e+01 7.790151631605075977e+01
8.648637132990929240e+04 -6.336258427890967937e+01 7.606947730979028677e+01
8.856424738480406813e+04 -6.351944045045430443e+01 7.428052304795080829e+01
9.069204539657036366e+04 -6.367668492463579355e+01 7.253364029053246043e+01
9.287096476387912116e+04 -6.383431866271008914e+01 7.082783962627839003e+01
9.510223370152161806e+04 -6.399234262831289044e+01 6.916215491228589940e+01
9.738710993273262284e+04 -6.415075778746526680e+01 6.753564272679450653e+01
9.972688139814366878e+04 -6.430956510857984654e+01 6.594738183484487593e+01
1.021228669817690534e+05 -6.446876556246647283e+01 6.439647266650467827e+01
1.045764172544377216e+05 -6.462798137035122181e+01 6.288185684524263053e+01
1.070889152350828081e+05 -6.478400756514238878e+01 6.140120679095293355e+01
1.096617771703214239e+05 -6.494041044156502096e+01 5.995542091996302503e+01
1.122964533327680256e+05 -6.509719090901162986e+01 5.854367830144322937e+01
1.149944288385239633e+05 -6.525434987907017614e+01 5.716517733464316109e+01
1.177572244843072549e+05 -6.541188826552941293e+01 5.581913529373595395e+01
1.205863976046991447e+05 -6.556980698438415800e+01 5.450478788337774461e+01
1.234835429499817110e+05 -6.572810695384069390e+01 5.322138880473454492e+01
1.264502935850687500e+05 -6.588678909432206865e+01 5.196820933172627122e+01
1.294883218100309896e+05 -6.604585432847324000e+01 5.074453789725005493e+01
1.325993401027423097e+05 -6.620369376564464403e+01 4.954848510582922216e+01
1.357851020841691061e+05 -6.635946167537339591e+01 4.837885331599200356e+01
1.390474035068507656e+05 -6.651559608491987774e+01 4.723683162403938951e+01
1.423880832671341195e+05 -6.667209785660628540e+01 4.612176827143335345e+01
1.458090244417221111e+05 -6.682896785478368429e+01 4.503302688491964290e+01
1.493121553491260856e+05 -6.698620694583678414e+01 4.396998611334635143e+01
1.528994506366251444e+05 -6.714381599818885604e+01 4.293203927305409451e+01
1.565729323933351261e+05 -6.730179588230639354e+01 4.191859400163858851e+01
1.603346712900190323e+05 -6.746014747070395856e+01 4.092907191988636839e+01
1.641867877462882898e+05 -6.761887163794906996e+01 3.996290830168941000e+01
1.681314531258395000e+05 -6.777519569410470979e+01 3.901777737707103455e+01
1.721708909604118089e+05 -6.793068183640488655e+01 3.809425161494608147e+01
1.763073782031459850e+05 -6.808652468649761147e+01 3.719258511520483523e+01
1.805432465120630222e+05 -6.824272506272239980e+01 3.631226048312838373e+01
1.848808835643729253e+05 -6.839928378529614861e+01 3.545277257039895602e+01
1.893227344023597834e+05 -6.855620167631735740e+01 3.461362818523581097e+01
1.938713028116094938e+05 -6.871347955977064714e+01 3.379434580939091148e+01
1.985291527323432674e+05 -6.887111826153093830e+01 3.299445532184426355e+01
2.032989097046585521e+05 -6.902911860936784194e+01 3.221349772903928255e+01
2.081832623484999349e+05 -6.918748143294997988e+01 3.145102490150204133e+01
